2.39463601533e-05 0.997807203843
2.39463601533e-05 0.997590284103
4.78927203065e-05 0.996945517825
4.78927203065e-05 0.99662293718
4.78927203065e-05 0.996234784563
7.18390804598e-05 0.995478364439
0.000119731800766 0.994050899504
0.00014367816092 0.993294078896
0.000167624521073 0.991672693183
0.000191570881226 0.990429451378
0.000239463601533 0.986049087551
0.000263409961686 0.983451142377
0.000263409961686 0.98011481568
0.000263409961686 0.974810916295
0.000311302681992 0.970353603759
0.000311302681992 0.962734646053
0.000335249042146 0.956113715077
0.000359195402299 0.948578263389
0.000482348111658 0.942931281339
0.000561029009305 0.93282497896
0.000632868089765 0.925113262618
0.000656814449918 0.914569295804
0.000735495347564 0.902222005446
0.000807334428024 0.89013327529
0.000858648056924 0.879844583882
0.00106316068873 0.86700649072
0.00121025975824 0.85149119123
0.00131898694944 0.836048918695
0.00141659381342 0.819580759103
0.00156027197434 0.805940372775
0.00170486084694 0.7914899729
0.00188023789689 0.773846499325
0.00192904132888 0.757339412544
0.00221065610111 0.739845155976
0.00235433426203 0.722277101775
0.0025679188955 0.700144978222
0.00278808960415 0.681550237155
0.00298923443761 0.663655577149
0.00318695836248 0.646783364287
0.00352846035713 0.631922022006
0.00388354607729 0.611242439524
0.00419181861673 0.595223984776
0.00468406252762 0.580193389533
0.00511857274828 0.563225706218
0.00541422538413 0.543338630234
0.00573783415341 0.523948312223
0.00638582909869 0.507545257452
0.00683311224204 0.492717732556
0.00734989309683 0.476532650281
0.0078014079516 0.460339703717
0.00818039776641 0.442140377393
0.00899640799879 0.424278090311
0.00974928637584 0.410547677769
0.0103664062297 0.397089454474
0.0110977828719 0.385212591571
0.0115194202611 0.373537599162
0.0123378716902 0.359820728602
0.0130432931925 0.343793970423
0.0137583885559 0.333700946691
0.0145139779615 0.32125454013
0.015146789696 0.309314701191
0.0156009722999 0.296162609347
0.0163038349139 0.283624229927
0.0168175487108 0.272692425064
0.0174190003071 0.26407474009
0.0181243201428 0.252863319868
0.0188878847604 0.244212546098
0.0195734555149 0.237665173734
0.0202116464068 0.228836455594
0.0210389975652 0.219611755072
0.022210363841 0.214080697775
0.0228065562015 0.207158890126
0.0233489743489 0.202240904454
0.0242706027063 0.195037974953
0.0253062482395 0.189983794499
0.0262433801618 0.185453252641
0.0272805315891 0.182226660815
0.0280898885275 0.177668668611
0.0290912189778 0.171455904705
0.0301779083285 0.16752605207
0.0312023193907 0.163149718445
0.03245873696 0.158258810888
0.033238105077 0.153481476542
0.0340553986674 0.149433443504
0.0352476484795 0.146206644306
0.0361893484844 0.142754097987
0.0371392548522 0.138620081776
0.0381598869437 0.135750748264
0.0390831999103 0.134542704381
0.0403812341758 0.131432770891
0.0416196906291 0.129575030931
0.0429594065141 0.126262527541
0.0441754950552 0.124318732084
0.0453053017991 0.120761047415
0.046660674111 0.118614701351
0.04795675395 0.115788614891
0.0492475724734 0.115011605491
0.0502492296304 0.113973194909
0.0513995385767 0.112896999136
0.0529489734744 0.111516214129
0.0542522983574 0.110006965427
0.0553605662039 0.107893181479
0.0571790712294 0.106291994054
0.0587039667326 0.104898806979
0.0601827554797 0.103548933135
0.0620849309824 0.102093176163
0.0634104962026 0.10047096087
0.0653293163614 0.0997835161306
0.0665941476762 0.0989991128254
0.0684261107242 0.0977949460255
0.0696791719902 0.0966875721227
0.0715576377305 0.0962615285655
0.0730775925612 0.0953123695238
0.0748730021041 0.0943646129804
0.0763697142151 0.0932856242751
0.0779019690397 0.0919566187374
0.0796834856261 0.090655318884
0.0817700882088 0.0902292753268
0.0834766709942 0.088878383765
0.0854682155251 0.0879855266222
0.0870028782986 0.0867151894336
0.0886496605981 0.0862841549508
0.0902830639277 0.0856376032267
0.0920975633025 0.084569998871
0.0937823980289 0.0833645429341
0.0958441469142 0.0821798933235
0.0979563125786 0.0815383325249
0.0999029427704 0.0809360651654
0.101929803236 0.0798584789585
0.104300585171 0.0796429617172
0.106047999254 0.0794274444758
0.108100517168 0.0785653755103
0.109936168623 0.0781329385292
0.112106686297 0.0767327716771
0.114067557194 0.0757850151337
0.115817982101 0.0757850151337
0.117995040228 0.0749229461682
0.120018346171 0.0747074289268
0.122092662485 0.0742813853697
0.123641779006 0.0734193164041
0.125502325545 0.0721704973205
0.12763119488 0.071308428355
0.129098654919 0.0700596092714
0.131028994036 0.0694130575473
0.132527934023 0.0689820230645
0.134689449588 0.0676889196162
0.136441538577 0.0666113334093
0.138359141076 0.0659647816852
0.140223705726 0.0657492644438
0.141831126328 0.0644547584972
0.143407829389 0.0635926895317
0.145233458746 0.0627306205662
0.14723877713 0.0622995860834
0.148827316284 0.0616530343593
0.150584994704 0.0597576635515
0.152407878412 0.0595421463102
0.154416943027 0.0591111118274
0.15632079411 0.0578180083791
0.157885535558 0.0563093876895
0.160123251266 0.055447318724
0.162163501232 0.0541542152757
0.164011526495 0.0535076635515
0.165663521434 0.0532921463102
0.167248231522 0.0530766290688
0.168822807489 0.0517835256205
0.170850819953 0.0515680083791
0.172603971605 0.0505988760098
0.174528082007 0.0493057725616
0.176613408256 0.0481872933396
0.178250405799 0.0477562588569
0.179965003971 0.0462476381672
0.181796228535 0.0456010864431
0.183528973598 0.0447390174776
0.185551837274 0.0425838450638
0.187399692659 0.0415062588569
0.18904478361 0.040688474256
0.19066265842 0.0400419225319
0.192478417252 0.0396108880491
0.194517272276 0.0383177846009
0.196255412418 0.037240198394
0.198462290795 0.0370246811526
0.200085888913 0.0365936466698
0.201665979595 0.0359470949457
0.202980605208 0.0355160604629
0.20458501943 0.0346539914974
0.206094678871 0.0342229570146
0.207611763928 0.0331453708077
0.209228546888 0.0322833018422
0.211120044837 0.0318522673595
0.213084608461 0.0307746811526
0.214855551041 0.0305591639112
0.216179932903 0.0299126121871
0.217809308586 0.0296970949457
0.219475128065 0.0292660604629
0.221569443244 0.0279729570146
0.223188969824 0.0273264052905
0.224729418978 0.026464336325
0.225873590868 0.0262488190836
0.227299039435 0.0260333018422
0.229039009435 0.0253867501181
0.230711648389 0.0245246811526
0.232086637668 0.0243091639112
0.23367192897 0.0234470949457
0.235128070134 0.0228005432215
0.237087664613 0.0225850259802
0.238478502118 0.021938474256
0.240187902336 0.0215074397733
0.241710143791 0.0206453708077
0.243441455009 0.020214336325
0.245033254457 0.0199988190836
0.246380543447 0.0195677846009
0.24768168929 0.0193522673595
0.249308888088 0.0189212328767
0.251137162281 0.0187057156353
0.252716542055 0.0178436466698
0.254065637482 0.0176281294284
0.255520213863 0.0171970949457
0.257559104423 0.0165948275862
0.258950311258 0.0161637931034
0.260550665887 0.0155172413793
0.26217004058 0.0153017241379
0.263755895651 0.014224137931
0.265321059801 0.0140086206897
0.267348631247 0.0137931034483
0.268790390468 0.0137931034483
0.270277498758 0.0133620689655
0.271844722635 0.0127155172414
0.273375568018 0.0125
0.274820048818 0.0122844827586
0.276360304547 0.0109913793103
0.277747337013 0.0103448275862
0.279097731016 0.0103448275862
0.280946143658 0.00969827586207
0.2830605785 0.00969827586207
0.284965417273 0.00969827586207
0.286414431479 0.00969827586207
0.28772485037 0.00969827586207
0.289301020899 0.00905172413793
0.2908940282 0.00862068965517
0.292708013536 0.00840517241379
0.294076267415 0.00840517241379
0.295377879636 0.00818965517241
0.296661519499 0.00775862068966
0.298296936729 0.00754310344828
0.300066707098 0.0073275862069
0.301735369199 0.0073275862069
0.303237686845 0.00689655172414
0.304852075311 0.00668103448276
0.306495562864 0.00668103448276
0.30770752666 0.00646551724138
0.309227030183 0.00603448275862
0.310487182865 0.00581896551724
0.312304188332 0.00581896551724
0.31372651947 0.00581896551724
0.315507056127 0.00560344827586
0.317162880025 0.00538793103448
0.31894214122 0.00538793103448
0.320665231505 0.0051724137931
0.322019894819 0.00474137931034
0.323595317159 0.00474137931034
0.325463905614 0.00474137931034
0.327107066023 0.00474137931034
0.328543331693 0.00474137931034
0.330166323918 0.00474137931034
0.331646043421 0.00452586206897
0.332855367992 0.00452586206897
0.33456791695 0.00452586206897
0.336239961435 0.00431034482759
0.337521111044 0.00431034482759
0.338751420014 0.00409482758621
0.340654196205 0.00409482758621
0.342319752465 0.00387931034483
0.343701816145 0.00387931034483
0.34510854254 0.00387931034483
0.346817144307 0.00387931034483
0.348524404032 0.00387931034483
0.349797661395 0.00366379310345
0.351620810454 0.00323275862069
0.353266723552 0.00301724137931
0.355165528852 0.00301724137931
0.356724904911 0.00280172413793
0.358352013914 0.00237068965517
0.359795428191 0.00193965517241
0.361455712228 0.00193965517241
0.363237467569 0.00193965517241
0.365092796679 0.00193965517241
0.366637325621 0.00193965517241
0.368421965547 0.00193965517241
0.370414156993 0.00193965517241
0.371960461033 0.00193965517241
0.373692649925 0.00193965517241
0.374897019612 0.00193965517241
0.376574224263 0.00193965517241
0.378212555239 0.00172413793103
0.379801192882 0.00150862068966
0.38101142067 0.00150862068966
0.382749478797 0.00150862068966
0.384337200086 0.00150862068966
0.386462254221 0.00150862068966
0.387812276561 0.0010775862069
0.389674457883 0.0010775862069
0.39128315575 0.0010775862069
0.392927631099 0.0010775862069
0.39454738802 0.000646551724138
0.396003642398 0.000646551724138
0.3981952721 0.000646551724138
0.399415109452 0.000646551724138
0.401079155759 0.000646551724138
0.402979564368 0.000431034482759
0.404576931355 0.000431034482759
0.406343991734 0.000431034482759
0.408064712906 0.000431034482759
0.409888763577 0.000431034482759
0.411809623867 0.000431034482759
0.41364536908 0.000431034482759
0.415278481822 0.000431034482759
0.416809298853 0.000431034482759
0.418543839495 0.000431034482759
0.420186685487 0.000431034482759
0.421786323233 0.000431034482759
0.423552712197 0.000431034482759
0.425063914812 0.000431034482759
0.427020195227 0.000431034482759
0.428734594513 0.000431034482759
0.430346636706 0.000431034482759
0.432011503165 0.000431034482759
0.433631595029 0.000431034482759
0.435378015759 0.000431034482759
0.437161696212 0.000431034482759
0.438687846807 0.000215517241379
0.439994109805 0.000215517241379
0.441689543648 0.000215517241379
0.443334229921 0.000215517241379
0.445304464638 0.000215517241379
0.446615393215 0.000215517241379
0.448060532638 0.000215517241379
0.449840510235 0.000215517241379
0.451292382574 0.000215517241379
0.452730929955 0.0
0.453963990681 0.0
0.455821076679 0.0
0.457349968913 0.0
0.458918183684 0.0
0.460799922947 0.0
0.462929456106 0.0
0.464707164837 0.0
0.466576462061 0.0
0.468556621081 0.0
0.470457346232 0.0
0.472019541768 0.0
0.473521726421 0.0
0.475330442252 0.0
0.476706081958 0.0
0.478565674637 0.0
0.480620532885 0.0
0.482379132163 0.0
0.484135156493 0.0
0.485958759473 0.0
0.487419389153 0.0
0.488749262831 0.0
0.490425461678 0.0
0.492194584504 0.0
0.493591060038 0.0
0.494987243332 0.0
0.496516818963 0.0
0.498274460035 0.0
0.500059541551 0.0
0.501626075558 0.0
0.503326101626 0.0
0.505065760957 0.0
0.506769991894 0.0
0.508170443721 0.0
0.510079888005 0.0
0.512365393758 0.0
0.513855081008 0.0
0.515792038631 0.0
0.517674272154 0.0
0.519834756887 0.0
0.521452575453 0.0
0.523012520206 0.0
0.524225458746 0.0
0.525743816319 0.0
0.527328407325 0.0
0.528884506363 0.0
0.530520858928 0.0
0.532293123866 0.0
0.533856845445 0.0
0.535419078266 0.0
0.537130564542 0.0
0.538713990322 0.0
0.540305806065 0.0
0.541942055445 0.0
0.543981313047 0.0
0.545571756897 0.0
0.547411742013 0.0
0.548988305777 0.0
0.550576305559 0.0
0.55233923419 0.0
0.55384706977 0.0
0.555597198236 0.0
0.556927076074 0.0
0.559143669641 0.0
0.561386243692 0.0
0.563280994457 0.0
0.565075520797 0.0
0.567013842127 0.0
0.56867370629 0.0
0.57032261467 0.0
0.571857344501 0.0
0.573473668249 0.0
0.57533357546 0.0
0.576847502328 0.0
0.578662830345 0.0
0.58059764957 0.0
0.581745077105 0.0
0.583667587172 0.0
0.585795096431 0.0
0.587696283223 0.0
0.589682937896 0.0
0.591467581721 0.0
0.593106981845 0.0
0.59489521723 0.0
0.596750962901 0.0
0.598356424388 0.0
0.599982749451 0.0
0.601822701783 0.0
0.603704417618 0.0
0.605581749872 0.0
0.607422568501 0.0
0.608834643629 0.0
0.610519700142 0.0
0.612157180425 0.0
0.613841774536 0.0
0.615036789997 0.0
0.616547993093 0.0
0.617897665369 0.0
0.619672637731 0.0
0.620918779341 0.0
0.622616379479 0.0
0.624543998016 0.0
0.625994981839 0.0
0.627514180209 0.0
0.629081025427 0.0
0.630959834206 0.0
0.632155987498 0.0
0.63372440021 0.0
0.635428750069 0.0
0.63705570836 0.0
0.638555695813 0.0
0.640038126464 0.0
0.641215058096 0.0
0.642390697533 0.0
0.644157949823 0.0
0.645651865721 0.0
0.647077869632 0.0
0.648460670962 0.0
0.649619185174 0.0
0.650916808375 0.0
0.652528348785 0.0
0.654303496591 0.0
0.656072285607 0.0
0.657352664866 0.0
0.658724808657 0.0
0.660059975354 0.0
0.661520595681 0.0
0.662753562686 0.0
0.664258450844 0.0
0.665354148281 0.0
0.66650064821 0.0
0.66796269072 0.0
0.669073956581 0.0
0.670106953702 0.0
0.671404113038 0.0
0.672777515554 0.0
0.674288655859 0.0
0.675582075202 0.0
0.676865633474 0.0
0.678237848405 0.0
0.679908697684 0.0
0.68130174003 0.0
0.68253968308 0.0
0.683845688949 0.0
0.685213164275 0.0
0.686724192535 0.0
0.687758340326 0.0
0.689144638072 0.0
0.69049166045 0.0
0.691652970828 0.0
0.69286402821 0.0
0.694119585429 0.0
0.695402710129 0.0
0.696302429849 0.0
0.697555366168 0.0
0.699451603168 0.0
0.700406558038 0.0
0.70172451883 0.0
0.703085911792 0.0
0.704762795258 0.0
0.705960740513 0.0
0.707285471902 0.0
0.708276535427 0.0
0.709515762989 0.0
0.710733973395 0.0
0.7116211023 0.0
0.71271601571 0.0
0.714007190966 0.0
0.715365406751 0.0
0.716329463093 0.0
0.717699486202 0.0
0.719063901052 0.0
0.720214167785 0.0
0.721258359819 0.0
0.722807847743 0.0
0.723952296898 0.0
0.72515080904 0.0
0.726162454852 0.0
0.72748342669 0.0
0.728579352445 0.0
0.730036452214 0.0
0.731556290957 0.0
0.732551167143 0.0
0.733621154941 0.0
0.73468393798 0.0
0.735716575486 0.0
0.736638514151 0.0
0.737736969946 0.0
0.739143803683 0.0
0.740161543922 0.0
0.741657327358 0.0
0.742757322485 0.0
0.74389212617 0.0
0.745050324909 0.0
0.746176378366 0.0
0.747300548868 0.0
0.748245318893 0.0
0.749914367135 0.0
0.751192046459 0.0
0.752223606935 0.0
0.753430940329 0.0
0.754711585394 0.0
0.75596751128 0.0
0.757003855398 0.0
0.757994618027 0.0
0.759645898798 0.0
0.760698070617 0.0
0.761822220579 0.0
0.762966604555 0.0
0.764148338735 0.0
0.76527140295 0.0
0.766494483012 0.0
0.767516814774 0.0
0.768589183847 0.0
0.769828302685 0.0
0.771046265981 0.0
0.772074465951 0.0
0.773391132217 0.0
0.774316332286 0.0
0.775463775924 0.0
0.776503004112 0.0
0.777851608139 0.0
0.778985174766 0.0
0.779979541758 0.0
0.781136060509 0.0
0.782308994505 0.0
0.783412666964 0.0
0.784254023194 0.0
0.785739239855 0.0
0.787115436599 0.0
0.788171701899 0.0
0.789421898047 0.0
0.790891251368 0.0
0.792350260765 0.0
0.793558776157 0.0
0.794707780181 0.0
0.795930913955 0.0
0.797029475117 0.0
0.798249566632 0.0
0.799425629813 0.0
0.800830348504 0.0
0.802043911518 0.0
0.803427680206 0.0
0.804390884156 0.0
0.805488993324 0.0
0.806575535644 0.0
0.808107856387 0.0
0.80944646721 0.0
0.811040519205 0.0
0.812221325551 0.0
0.813336442946 0.0
0.814413935365 0.0
0.815527553935 0.0
0.816908279195 0.0
0.81778844273 0.0
0.818887789505 0.0
0.820031590731 0.0
0.820969395362 0.0
0.822187814129 0.0
0.823434579688 0.0
0.824471640606 0.0
0.82585434311 0.0
0.827004675259 0.0
0.827968055289 0.0
0.829074088824 0.0
0.830358184377 0.0
0.831624803738 0.0
0.832529223939 0.0
0.833332620062 0.0
0.834195735004 0.0
0.835102985138 0.0
0.836113022721 0.0
0.837282170632 0.0
0.838725818961 0.0
0.839977422232 0.0
0.841051290996 0.0
0.842218514604 0.0
0.843252032379 0.0
0.844680329947 0.0
0.845782417623 0.0
0.846994149298 0.0
0.848055990148 0.0
0.849115197501 0.0
0.85008533623 0.0
0.851192514565 0.0
0.852064276046 0.0
0.853162325678 0.0
0.854132863847 0.0
0.855455117484 0.0
0.85640415809 0.0
0.857541245415 0.0
0.858523780744 0.0
0.859335410173 0.0
0.860245173988 0.0
0.861694000573 0.0
0.862577405103 0.0
0.863783396437 0.0
0.86462748305 0.0
0.865799224021 0.0
0.866720338032 0.0
0.867730470741 0.0
0.868881103542 0.0
0.869672852208 0.0
0.870754399055 0.0
0.871771209048 0.0
0.87319378503 0.0
0.874089385936 0.0
0.875423098991 0.0
0.876197730503 0.0
0.87716830412 0.0
0.878256528061 0.0
0.879292444937 0.0
0.880328009964 0.0
0.881266467535 0.0
0.882297371845 0.0
0.883267748742 0.0
0.884419029168 0.0
0.885520350743 0.0
0.886532876598 0.0
0.8876793796 0.0
0.888611919609 0.0
0.889547156016 0.0
0.890653719403 0.0
0.891723656373 0.0
0.892702094543 0.0
0.893816707486 0.0
0.894993902511 0.0
0.896109004802 0.0
0.896911422484 0.0
0.897643336833 0.0
0.898531198881 0.0
0.899424015664 0.0
0.900481088217 0.0
0.901577469743 0.0
0.902695386102 0.0
0.903535992636 0.0
0.904688218309 0.0
0.90532931444 0.0
0.906306700332 0.0
0.907373751249 0.0
0.908373953057 0.0
0.909284908952 0.0
0.9100183161 0.0
0.910759220773 0.0
0.911701739252 0.0
0.912501596617 0.0
0.912888163417 0.0
0.913658841384 0.0
0.914302836528 0.0
0.915134458334 0.0
0.915968126374 0.0
0.916552282455 0.0
0.91742263467 0.0
0.918280912612 0.0
0.918952996712 0.0
0.919905458358 0.0
0.920588213084 0.0
0.921301188871 0.0
0.922128319608 0.0
0.922785217615 0.0
0.923500772309 0.0
0.92421831268 0.0
0.925250295616 0.0
0.925839829304 0.0
0.926857907829 0.0
0.927474733121 0.0
0.928516800057 0.0
0.929247977664 0.0
0.930079893944 0.0
0.930983145358 0.0
0.931674298572 0.0
0.932094163321 0.0
0.93283233326 0.0
0.933510115872 0.0
0.934089532202 0.0
0.934871540314 0.0
0.935682079632 0.0
0.936303695749 0.0
0.936795071549 0.0
0.937458900735 0.0
0.93801455664 0.0
0.93849465333 0.0
0.938958578487 0.0
0.939716752749 0.0
0.940116936124 0.0
0.940745482101 0.0
0.941308658552 0.0
0.942110948766 0.0
0.942757184871 0.0
0.943282925285 0.0
0.94386183294 0.0
0.944590114662 0.0
0.945235067616 0.0
0.945863490408 0.0
0.94649828183 0.0
0.947150371085 0.0
0.947928559991 0.0
0.948371327061 0.0
0.948868474427 0.0
0.949458056097 0.0
0.949860568523 0.0
0.950356684533 0.0
0.950807351151 0.0
0.951374956546 0.0
0.95205115239 0.0
0.952703663169 0.0
0.953266909627 0.0
0.953991768223 0.0
0.954742277655 0.0
0.955216154541 0.0
0.955739525087 0.0
0.956082841973 0.0
0.956554023868 0.0
0.956925037662 0.0
0.957394326956 0.0
0.957877967395 0.0
0.958374604901 0.0
0.958892203414 0.0
0.959257362279 0.0
0.959639476322 0.0
0.960061286025 0.0
0.960392088583 0.0
0.960971003584 0.0
0.961394989975 0.0
0.961770805336 0.0
0.962385129834 0.0
0.962895572422 0.0
0.963452444487 0.0
0.964063460304 0.0
0.964491001065 0.0
0.964795255527 0.0
0.965232136686 0.0
0.965713893208 0.0
0.966063853534 0.0
0.966551182848 0.0
0.967070170752 0.0
0.967447885433 0.0
0.967987580857 0.0
0.968294344006 0.0
0.96886234223 0.0
0.969221455246 0.0
0.969716503271 0.0
0.970099207255 0.0
0.970542139195 0.0
0.97086368402 0.0
0.971222326223 0.0
0.97150957444 0.0
0.972043031664 0.0
0.972373452278 0.0
0.972642117332 0.0
0.972900729698 0.0
0.9731533149 0.0
0.973519076769 0.0
0.974130057125 0.0
0.974308523335 0.0
0.974519612701 0.0
0.97487620494 0.0
0.975207233895 0.0
0.975564958 0.0
0.975852840074 0.0
0.976215461602 0.0
0.976638857612 0.0
0.977089320151 0.0
0.977517625492 0.0
0.977795223598 0.0
0.97837932203 0.0
0.978778327242 0.0
0.979114856326 0.0
0.97942342678 0.0
0.979778624134 0.0
0.980081575845 0.0
0.980504040288 0.0
0.980709293357 0.0
0.980927177432 0.0
0.981273735695 0.0
0.981635212459 0.0
0.982006966782 0.0
0.982250077783 0.0
0.98255965022 0.0
0.982735842321 0.0
0.983094696743 0.0
0.983380945859 0.0
0.983775712859 0.0
0.984152723857 0.0
0.984454454111 0.0
0.984725627846 0.0
0.984995320404 0.0
0.985228311518 0.0
0.985403044463 0.0
0.985508558634 0.0
0.985767763424 0.0
0.985991380133 0.0
0.986225082521 0.0
0.986484395086 0.0
0.986669337647 0.0
0.986785371341 0.0
0.986978353675 0.0
0.987261942524 0.0
0.98740361123 0.0
0.987504039957 0.0
0.987812630103 0.0
0.98809633436 0.0
0.988335410796 0.0
0.988581052722 0.0
0.98878213106 0.0
0.989085074505 0.0
0.989260652056 0.0
0.989551697728 0.0
0.989756144919 0.0
0.990077491989 0.0
0.990330084287 0.0
0.990378887719 0.0
0.990592728033 0.0
0.990794229031 0.0
0.991053664411 0.0
0.991259130584 0.0
0.991384460881 0.0
0.991537178998 0.0
0.991679262227 0.0
0.991841566974 0.0
0.992128169292 0.0
0.992279377652 0.0
0.992615725868 0.0
0.992732374416 0.0
0.992893214783 0.0
0.993085921988 0.0
0.993318203886 0.0
0.993473911246 0.0
0.993614047133 0.0
0.993763691672 0.0
0.994021340696 0.0
0.99435399708 0.0
0.994521690386 0.0
0.994652705343 0.0
0.994830160533 0.0
0.994857260804 0.0
0.994995508026 0.0
0.995159450249 0.0
0.995208253681 0.0
0.995280448926 0.0
0.995305305998 0.0
0.995356508462 0.0
0.99545742507 0.0
0.995581800158 0.0
0.995710809919 0.0
0.99586201828 0.0
0.99586201828 0.0
0.995910977545 0.0
0.996068241171 0.0
0.996256070644 0.0
0.996336518015 0.0
0.996404347323 0.0
0.996508262008 0.0
0.996673453669 0.0
0.996782357421 0.0
0.996895361283 0.0
0.997007263113 0.0
0.997108179721 0.0
0.997318243456 0.0
0.997418405186 0.0
0.997529552137 0.0
0.997529552137 0.0
0.997584019677 0.0
0.997636611899 0.0
0.997773250801 0.0
0.997887800254 0.0
0.997914900525 0.0
0.997950742819 0.0
0.997984210021 0.0
0.997984210021 0.0
0.998033169286 0.0
0.998164962183 0.0
0.998200804477 0.0
0.998227904748 0.0
0.998326578156 0.0
0.998378047618 0.0
0.998430004961 0.0
0.998454107155 0.0
0.998478964226 0.0
0.99850306642 0.0
0.998566008985 0.0
0.998566008985 0.0
0.99861496825 0.0
0.99861496825 0.0
0.99861496825 0.0
0.99861496825 0.0
0.99861496825 0.0
0.998666925593 0.0
0.998700392795 0.0
0.998777207209 0.0
0.998777207209 0.0
0.998777207209 0.0
0.99888373587 0.0
0.998910836141 0.0
0.998973778706 0.0
0.999052081441 0.0
0.999079181712 0.0
0.999079181712 0.0
0.999131139055 0.0
0.999131139055 0.0
0.999155085415 0.0
0.999182185686 0.0
0.999182185686 0.0
0.999182185686 0.0
0.999209552955 0.0
0.999209552955 0.0
0.999238042983 0.0
0.999287002249 0.0
0.999287002249 0.0
0.999287002249 0.0
0.999287002249 0.0
0.999287002249 0.0
0.99936632686 0.0
0.99936632686 0.0
0.99936632686 0.0
0.99936632686 0.0
0.999390429053 0.0
0.999415286125 0.0
0.999415286125 0.0
0.999415286125 0.0
0.999415286125 0.0
0.999439232485 0.0
0.999463334679 0.0
0.999463334679 0.0
0.999491824707 0.0
0.999519191976 0.0
0.999546292247 0.0
0.999546292247 0.0
0.999546292247 0.0
0.999546292247 0.0
0.999546292247 0.0
0.999573392518 0.0
0.999573392518 0.0
0.999573392518 0.0
0.999573392518 0.0
0.999573392518 0.0
0.999573392518 0.0
0.999573392518 0.0
0.999573392518 0.0
0.999573392518 0.0
0.999597494711 0.0
0.99962598474 0.0
0.99962598474 0.0
0.99962598474 0.0
0.99962598474 0.0
0.99962598474 0.0
0.99962598474 0.0
0.99962598474 0.0
0.99962598474 0.0
0.999653352009 0.0
0.999653352009 0.0
0.99968045228 0.0
0.99968045228 0.0
0.99968045228 0.0
0.99968045228 0.0
0.99968045228 0.0
0.99968045228 0.0
0.999705309351 0.0
0.999705309351 0.0
0.999705309351 0.0
0.999705309351 0.0
0.999705309351 0.0
