0.00100310312477 0.746308724832
0.00111495994804 0.734228187919
0.0012592913329 0.727516778523
0.00140542686007 0.719463087248
0.00156058309879 0.707382550336
0.00172656419138 0.692617449664
0.00195569026485 0.681879194631
0.00218120805369 0.675167785235
0.0024337879772 0.660402684564
0.00273507974309 0.64966442953
0.00302554665512 0.638926174497
0.003274518294 0.622818791946
0.00363534675615 0.61744966443
0.00395467994515 0.601342281879
0.00435159125352 0.591946308725
0.00472865699646 0.579865771812
0.00516886772029 0.570469798658
0.00561088258642 0.558389261745
0.00625315724904 0.546308724832
0.00672584253446 0.542281879195
0.00732481778163 0.530201342282
0.007907555748 0.524832214765
0.00855704697987 0.511409395973
0.00929313704265 0.49932885906
0.00996247383994 0.485906040268
0.0107400591759 0.481879194631
0.0114959948041 0.471140939597
0.0122681677131 0.461744966443
0.0131864761492 0.44966442953
0.0141408674316 0.438926174497
0.0151746409757 0.43355704698
0.0162571263621 0.425503355705
0.0173053330447 0.410738255034
0.018427509562 0.401342281879
0.0195226239446 0.389261744966
0.0206646460273 0.385234899329
0.0219095042217 0.373154362416
0.0231814245508 0.362416107383
0.0245742224147 0.354362416107
0.0258948545861 0.348993288591
0.0272335281807 0.342281879195
0.0286804503139 0.335570469799
0.0300768564624 0.320805369128
0.0315562531572 0.311409395973
0.0331475066753 0.29932885906
0.034771234755 0.292617449664
0.0363679007 0.288590604027
0.0379302879411 0.284563758389
0.0397055639749 0.275167785235
0.0413870246085 0.269798657718
0.0430414231075 0.261744966443
0.0449051021145 0.257718120805
0.0467976473984 0.24966442953
0.0486486974093 0.245637583893
0.0505484592625 0.241610738255
0.0526250270621 0.23355704698
0.0545825214693 0.229530201342
0.0565562531572 0.228187919463
0.0584920978567 0.218791946309
0.0605542325179 0.214765100671
0.0626668831637 0.210738255034
0.0648769574944 0.208053691275
0.0670563614058 0.204026845638
0.0691545789132 0.2
0.0713303745399 0.198657718121
0.0736486974093 0.195973154362
0.0757541314859 0.190604026846
0.0780850833514 0.186577181208
0.0803222198167 0.18255033557
0.0826315219745 0.179865771812
0.0849895359746 0.175838926174
0.0873728079671 0.169127516779
0.0897362343942 0.161073825503
0.0920960525366 0.159731543624
0.0944811286714 0.157046979866
0.0968174929638 0.157046979866
0.0992945803565 0.154362416107
0.101697697914 0.151677852349
0.104209064011 0.144966442953
0.106834091073 0.142281879195
0.109273291477 0.139597315436
0.111741358158 0.138255033557
0.114142671574 0.134228187919
0.11663058382 0.130201342282
0.119179836906 0.128859060403
0.12171285271 0.127516778523
0.124189940102 0.127516778523
0.126677852349 0.127516778523
0.129196435015 0.127516778523
0.13164465613 0.127516778523
0.134233600346 0.123489932886
0.136845998412 0.122147651007
0.139517933175 0.118120805369
0.142032907556 0.112751677852
0.144616439345 0.111409395973
0.147183733853 0.108724832215
0.149801544346 0.108724832215
0.152358014 0.107382550336
0.155130980732 0.104697986577
0.157829977629 0.103355704698
0.160431550841 0.103355704698
0.162998845349 0.10067114094
0.165668975969 0.0993288590604
0.168284982319 0.0979865771812
0.170863101681 0.096644295302
0.173574727575 0.0939597315436
0.176266507902 0.0939597315436
0.178933030237 0.0926174496644
0.18158151115 0.0912751677852
0.184327415747 0.089932885906
0.186896514397 0.0885906040268
0.189593707152 0.0859060402685
0.19213754781 0.0845637583893
0.19473010031 0.0832214765101
0.197266724399 0.0805369127517
0.200039691131 0.0791946308725
0.202675543047 0.0778523489933
0.205416035217 0.0778523489933
0.208053691275 0.0765100671141
0.210530778668 0.0738255033557
0.213150393303 0.0738255033557
0.215786245219 0.0738255033557
0.218694522624 0.0738255033557
0.221261817132 0.0724832214765
0.223949989175 0.0724832214765
0.226565995526 0.0697986577181
0.229198239157 0.0671140939597
0.231920689904 0.061744966443
0.234590820524 0.0604026845638
0.237235693151 0.0604026845638
0.239813812514 0.0590604026846
0.242399148445 0.0590604026846
0.245143248899 0.0563758389262
0.247717759977 0.0563758389262
0.250368045031 0.0563758389262
0.25300570109 0.055033557047
0.255697481417 0.0523489932886
0.258271992495 0.0523489932886
0.260839287003 0.0510067114094
0.263393952515 0.0510067114094
0.266062278993 0.0510067114094
0.268618748647 0.0510067114094
0.271126506459 0.0510067114094
0.273713646532 0.0510067114094
0.276333261168 0.0496644295302
0.278869885257 0.0496644295302
0.281337951938 0.0496644295302
0.283921483727 0.048322147651
0.286481561666 0.048322147651
0.288994731904 0.0442953020134
0.291626975536 0.0442953020134
0.294098650502 0.0429530201342
0.29661903731 0.0429530201342
0.299276538933 0.0429530201342
0.301809554738 0.0429530201342
0.304385869957 0.0429530201342
0.306913473335 0.0402684563758
0.309460922278 0.0402684563758
0.312125640471 0.0402684563758
0.314674893556 0.0389261744966
0.317188063794 0.0389261744966
0.319863606841 0.0389261744966
0.322409251642 0.0389261744966
0.3248592769 0.0375838926174
0.327473479108 0.0362416107383
0.330134589016 0.0362416107383
0.332811936206 0.0362416107383
0.335316085733 0.0362416107383
0.337823843545 0.0335570469799
0.34027206466 0.0335570469799
0.342729306488 0.0335570469799
0.345251497438 0.0335570469799
0.347724976546 0.0335570469799
0.350331962185 0.0335570469799
0.352886627697 0.0335570469799
0.35531680739 0.0335570469799
0.357860648048 0.0335570469799
0.360317889875 0.0322147651007
0.362780544129 0.0322147651007
0.365174640976 0.0322147651007
0.367575954391 0.0308724832215
0.370025979649 0.0308724832215
0.372522912607 0.0295302013423
0.374949484015 0.0295302013423
0.377489716389 0.0295302013423
0.380060619182 0.0281879194631
0.382458324313 0.0281879194631
0.384928195136 0.0281879194631
0.387257342859 0.0281879194631
0.389599119579 0.0281879194631
0.39201306199 0.0281879194631
0.394497365952 0.0268456375839
0.396886050372 0.0255033557047
0.399267518222 0.0255033557047
0.401587645233 0.0228187919463
0.403987154507 0.0228187919463
0.406415530057 0.0228187919463
0.408807822761 0.0228187919463
0.411140578769 0.0228187919463
0.413507613481 0.0228187919463
0.415791657646 0.0228187919463
0.418229053908 0.0228187919463
0.42068268745 0.0228187919463
0.423022660027 0.0228187919463
0.425371653316 0.0228187919463
0.427668326478 0.0228187919463
0.430143609728 0.0214765100671
0.432400591759 0.0214765100671
0.434713502201 0.0214765100671
0.436928988959 0.0214765100671
0.439232878689 0.0214765100671
0.441534964278 0.0201342281879
0.443842462293 0.0201342281879
0.446090423613 0.0201342281879
0.448338384932 0.0187919463087
0.450543046836 0.0187919463087
0.452839719997 0.0187919463087
0.455096702028 0.0174496644295
0.457387962763 0.0174496644295
0.45957999567 0.0161073825503
0.461928988959 0.0161073825503
0.464157104712 0.0161073825503
0.466365374901 0.0161073825503
0.468631377643 0.0161073825503
0.470774698708 0.0161073825503
0.473074980154 0.0161073825503
0.475322941474 0.0147651006711
0.477487912247 0.0147651006711
0.479495922638 0.0134228187919
0.481687955546 0.0134228187919
0.483804214476 0.0134228187919
0.486003463953 0.0120805369128
0.488327199249 0.0120805369128
0.490605830988 0.0120805369128
0.492745543768 0.0120805369128
0.494890668976 0.0120805369128
0.497059248033 0.0120805369128
0.49911777441 0.0120805369128
0.501286353468 0.0120805369128
0.50343508696 0.0107382550336
0.505591037021 0.0107382550336
0.507658584109 0.0107382550336
0.50976762647 0.0107382550336
0.511826152847 0.0107382550336
0.513872050227 0.0107382550336
0.516141661254 0.0107382550336
0.518223641481 0.0107382550336
0.520173919319 0.0107382550336
0.522230641553 0.00939597315436
0.524256693368 0.00939597315436
0.526374756441 0.00939597315436
0.528550552068 0.00939597315436
0.530576603883 0.00939597315436
0.53269827524 0.00939597315436
0.534745976763 0.00939597315436
0.536753987155 0.00805369127517
0.538798080393 0.00805369127517
0.540773616223 0.00805369127517
0.542916937288 0.00805369127517
0.545009742368 0.00805369127517
0.546969040918 0.00805369127517
0.549067258425 0.00805369127517
0.550995886556 0.00805369127517
0.553041783936 0.00805369127517
0.555046186043 0.00805369127517
0.557063217147 0.00805369127517
0.558881792596 0.00805369127517
0.56091506098 0.00805369127517
0.562800389695 0.00671140939597
0.564667676986 0.00671140939597
0.566565634697 0.00671140939597
0.56849606697 0.00671140939597
0.570374179115 0.00671140939597
0.57240023093 0.00671140939597
0.57430540521 0.00671140939597
0.57631161146 0.00536912751678
0.578233023021 0.00536912751678
0.580123764163 0.00536912751678
0.581989247312 0.00536912751678
0.583883596738 0.00536912751678
0.585741863318 0.00536912751678
0.587600129898 0.00536912751678
0.589434942628 0.00536912751678
0.591341921051 0.00536912751678
0.593165908927 0.00536912751678
0.594939380818 0.00536912751678
0.596770585264 0.00536912751678
0.598636068413 0.00536912751678
0.600456448005 0.00536912751678
0.602354405716 0.00536912751678
0.604248755142 0.00536912751678
0.605948257199 0.00536912751678
0.607759616079 0.00536912751678
0.609547521108 0.00536912751678
0.611348055135 0.00536912751678
0.613168434726 0.00536912751678
0.615023093022 0.00536912751678
0.616807389767 0.00536912751678
0.618537562243 0.00536912751678
0.620329075557 0.00536912751678
0.622122393014 0.00536912751678
0.623841740637 0.00536912751678
0.625586346251 0.00536912751678
0.627401313416 0.00536912751678
0.629288446273 0.00536912751678
0.631052897453 0.00536912751678
0.63279209064 0.00536912751678
0.634543912824 0.00536912751678
0.636218156888 0.00536912751678
0.637986216353 0.00536912751678
0.639774121383 0.00536912751678
0.641589088547 0.00536912751678
0.643288590604 0.00536912751678
0.645105361911 0.00402684563758
0.646747131414 0.00402684563758
0.648473695605 0.00402684563758
0.65021830122 0.00402684563758
0.651961102692 0.00402684563758
0.653675037887 0.00402684563758
0.655354694378 0.00402684563758
0.65719852782 0.00402684563758
0.658816843473 0.00402684563758
0.66048567511 0.00402684563758
0.662165331601 0.00402684563758
0.663848596377 0.00402684563758
0.665575160569 0.00402684563758
0.667206105218 0.00402684563758
0.66882442087 0.00402684563758
0.670469798658 0.00402684563758
0.672046619037 0.00402684563758
0.673648697409 0.00402684563758
0.675223713647 0.00402684563758
0.676813163022 0.00402684563758
0.678400808256 0.00402684563758
0.680006494912 0.00402684563758
0.681570686296 0.00402684563758
0.683178177095 0.00402684563758
0.684794688605 0.00402684563758
0.686366096558 0.00402684563758
0.68798441221 0.00402684563758
0.689660460417 0.00402684563758
0.691213826947 0.00402684563758
0.692841163311 0.00402684563758
0.694385509129 0.00402684563758
0.695895576243 0.00402684563758
0.69740023093 0.00402684563758
0.698966226456 0.00402684563758
0.700543046836 0.00402684563758
0.702054918092 0.00402684563758
0.703543335498 0.00402684563758
0.704997474201 0.00402684563758
0.706570686296 0.00402684563758
0.708113227971 0.00402684563758
0.709659377932 0.00402684563758
0.711293930865 0.00402684563758
0.712710182579 0.00402684563758
0.714308652667 0.00402684563758
0.715842173631 0.00402684563758
0.717319766183 0.00402684563758
0.71875405932 0.00402684563758
0.720211806307 0.00402684563758
0.721649707729 0.00402684563758
0.723084000866 0.00402684563758
0.724539943711 0.00402684563758
0.725979649275 0.00402684563758
0.727457241827 0.00402684563758
0.728942050949 0.00402684563758
0.730392581367 0.00402684563758
0.731767337808 0.00402684563758
0.733347766472 0.00268456375839
0.734828967309 0.00268456375839
0.736239806596 0.00268456375839
0.737616367179 0.00268456375839
0.739153496428 0.00268456375839
0.740555315003 0.00268456375839
0.741931875586 0.00268456375839
0.743221837339 0.00268456375839
0.744614635202 0.00268456375839
0.745929854947 0.00268456375839
0.747333477665 0.00268456375839
0.748778595656 0.00268456375839
0.750092011258 0.00268456375839
0.751401818575 0.00268456375839
0.752783791585 0.00268456375839
0.754140506603 0.00268456375839
0.755565779029 0.00268456375839
0.756949556181 0.00268456375839
0.758297250487 0.00268456375839
0.759590820524 0.00268456375839
0.760889802988 0.00268456375839
0.762223064155 0.00268456375839
0.763552717038 0.00268456375839
0.764999639172 0.00268456375839
0.766376199755 0.00268456375839
0.767658944938 0.00268456375839
0.768966948113 0.00268456375839
0.77021361045 0.00268456375839
0.771550479902 0.00268456375839
0.772835029227 0.00268456375839
0.774146640687 0.00268456375839
0.775461860432 0.00268456375839
0.776917803276 0.00268456375839
0.778171682182 0.00268456375839
0.779412932092 0.00268456375839
0.780646965433 0.00268456375839
0.781954968608 0.00268456375839
0.783277404922 0.00268456375839
0.784610666089 0.00268456375839
0.785815833153 0.00268456375839
0.787066103774 0.00268456375839
0.788361477953 0.00268456375839
0.789588294725 0.00268456375839
0.790890885473 0.00268456375839
0.792164609944 0.00268456375839
0.793367972866 0.00268456375839
0.794502778379 0.00268456375839
0.79572959515 0.00268456375839
0.796909504222 0.00268456375839
0.798087609151 0.00268456375839
0.799296384499 0.00268456375839
0.800497943278 0.00268456375839
0.801658006784 0.00268456375839
0.802828895143 0.00268456375839
0.803987154507 0.00134228187919
0.805219383705 0.00134228187919
0.80641011763 0.00134228187919
0.80758100599 0.00134228187919
0.808755502634 0.00134228187919
0.809987731832 0.00134228187919
0.811093671069 0.00134228187919
0.812174352313 0.00134228187919
0.813247816988 0.00134228187919
0.814388034928 0.00134228187919
0.815548098434 0.00134228187919
0.81659089269 0.00134228187919
0.817666161507 0.00134228187919
0.818815400159 0.00134228187919
0.81990149383 0.00134228187919
0.820953308797 0.00134228187919
0.822138630295 0.00134228187919
0.82318864112 0.00134228187919
0.824256693368 0.00134228187919
0.8252814462 0.00134228187919
0.826308003175 0.00134228187919
0.827376055423 0.00134228187919
0.828472973948 0.00134228187919
0.829593346323 0.00134228187919
0.830674027567 0.00134228187919
0.8316987804 0.00134228187919
0.832734358086 0.00134228187919
0.833802410334 0.00134228187919
0.834884895721 0.00134228187919
0.835978205961 0.00134228187919
0.837013783647 0.00134228187919
0.83793750451 0.00134228187919
0.838989319478 0.00134228187919
0.839988814318 0.00134228187919
0.840964855308 0.00134228187919
0.841937288013 0.00134228187919
0.842983690554 0.00134228187919
0.844013855813 0.00134228187919
0.844932164249 0.00134228187919
0.845935267374 0.00134228187919
0.846990690626 0.00134228187919
0.84800101032 0.00134228187919
0.848921122898 0.00134228187919
0.849913401169 0.00134228187919
0.850916504294 0.00134228187919
0.851814967165 0.00134228187919
0.852812657862 0.00134228187919
0.853759832576 0.00134228187919
0.854732265281 0.00134228187919
0.85573897669 0.00134228187919
0.856632027134 0.00134228187919
0.857577397705 0.00134228187919
0.858492097857 0.00134228187919
0.859478963701 0.00134228187919
0.860390055568 0.00134228187919
0.861311972288 0.00134228187919
0.86225012629 0.00134228187919
0.863157609872 0.00134228187919
0.864016381612 0.00134228187919
0.864997835029 0.00134228187919
0.865820523923 0.00134228187919
0.866767698636 0.00134228187919
0.867639099372 0.00134228187919
0.868586274085 0.00134228187919
0.869381900844 0.00134228187919
0.870347116981 0.00134228187919
0.871258208848 0.00134228187919
0.872147651007 0.00134228187919
0.873002814462 0.00134228187919
0.873903081475 0.00134228187919
0.874727574511 0.00134228187919
0.87559356282 0.00134228187919
0.876437901422 0.00134228187919
0.877289456592 0.00134228187919
0.87816987804 0.00134228187919
0.879008804214 0.00134228187919
0.879820668254 0.00134228187919
0.880670419283 0.00134228187919
0.881453417046 0.00134228187919
0.882319405355 0.00134228187919
0.88317456881 0.00134228187919
0.883968391427 0.00134228187919
0.884753193332 0.00134228187919
0.885545211806 0.00134228187919
0.886324601285 0.00134228187919
0.887100382478 0.00134228187919
0.887950133507 0.00134228187919
0.888724110558 0.00134228187919
0.889544995309 0.00134228187919
0.890306343364 0.00134228187919
0.891071299704 0.00134228187919
0.89184888504 0.00134228187919
0.892633686945 0.00134228187919
0.893398643285 0.00134228187919
0.894217723894 0.00134228187919
0.894980876092 0.00134228187919
0.895810781554 0.00134228187919
0.896575737894 0.00134228187919
0.89723605398 0.00134228187919
0.897984773039 0.00134228187919
0.898798441221 0.00134228187919
0.899527314715 0.00134228187919
0.900290466912 0.00134228187919
0.901010319694 0.00134228187919
0.901719347622 0.00134228187919
0.902419354839 0.00134228187919
0.90312297034 0.00134228187919
0.90381034856 0.00134228187919
0.904503139208 0.00134228187919
0.905277116259 0.00134228187919
0.90593382406 0.00134228187919
0.906659089269 0.00134228187919
0.907276105939 0.00134228187919
0.907950855163 0.00134228187919
0.908594933968 0.00134228187919
0.9093382406 0.00134228187919
0.909973298694 0.00134228187919
0.910660676914 0.00134228187919
0.911382333838 0.00134228187919
0.912076928628 0.00134228187919
0.912683120445 0.00134228187919
0.913285703976 0.00134228187919
0.9139135455 0.00134228187919
0.914559428448 0.00134228187919
0.915216136249 0.00134228187919
0.915912535181 0.00134228187919
0.916542180847 0.00134228187919
0.917112289817 0.00134228187919
0.917714873349 0.00134228187919
0.918342714873 0.00134228187919
0.918956123259 0.00134228187919
0.919629068341 0.00134228187919
0.92022984773 0.00134228187919
0.920866709966 0.00134228187919
0.921557696471 0.00134228187919
0.922158475861 0.00134228187919
0.922827812658 0.00134228187919
0.923424983763 0.00134228187919
0.924009525871 0.00134228187919
0.924568809988 0.00134228187919
0.925169589377 0.00134228187919
0.925775781194 0.00134228187919
0.926369344014 0.00134228187919
0.926986360684 0.00134228187919
0.9275456448 0.00134228187919
0.928142815905 0.00134228187919
0.928689471025 0.00134228187919
0.92928664213 0.00134228187919
0.929871184239 0.00134228187919
0.93043407664 0.00134228187919
0.930984340045 0.00134228187919
0.931563469726 0.00134228187919
0.93212816627 0.00134228187919
0.932696471098 0.00134228187919
0.933257559356 0.00134228187919
0.933800606192 0.00134228187919
0.934294941185 0.00134228187919
0.934818142455 0.00134228187919
0.935361189291 0.00134228187919
0.935853720141 0.00134228187919
0.936403983546 0.00134228187919
0.936936205528 0.00134228187919
0.937441365375 0.00134228187919
0.938011474345 0.00134228187919
0.938509417623 0.00134228187919
0.93903803132 0.00134228187919
0.939539582882 0.00134228187919
0.939938298333 0.00134228187919
0.940470520315 0.00134228187919
0.940923360035 0.00134228187919
0.941414086743 0.00134228187919
0.941884967886 0.00134228187919
0.942379302879 0.00134228187919
0.94280147218 0.00134228187919
0.94327776575 0.00134228187919
0.943781121455 0.00134228187919
0.944293497871 0.00134228187919
0.94478422458 0.00134228187919
0.945256909865 0.00134228187919
0.945677275023 0.00134228187919
0.946124702317 0.00134228187919
0.946545067475 0.00134228187919
0.94700151548 0.00134228187919
0.947465180053 0.00134228187919
0.947887349354 0.00134228187919
0.948296889659 0.00134228187919
0.948793028794 0.00134228187919
0.949215198095 0.00134228187919
0.949655408819 0.00134228187919
0.950088402973 0.00134228187919
0.950539438551 0.00134228187919
0.950981453417 0.00134228187919
0.951414447572 0.00134228187919
0.951833008588 0.00134228187919
0.952256982031 0.00134228187919
0.952625027062 0.00134228187919
0.953007505232 0.00134228187919
0.953426066248 0.00134228187919
0.953848235549 0.00134228187919
0.954266796565 0.00134228187919
0.95469257415 0.00134228187919
0.955102114455 0.00134228187919
0.955470159486 0.00134228187919
0.955849029371 0.00134228187919
0.956227899257 0.00134228187919
0.956601356715 0.00134228187919
0.956996463881 0.00134228187919
0.95736270477 0.00134228187919
0.957694666955 0.00134228187919
0.958055495417 0.00134228187919
0.958430757018 0.00134228187919
0.958796997907 0.00134228187919
0.959195713358 0.00134228187919
0.959561954247 0.00134228187919
0.959919174424 0.00134228187919
0.960256549037 0.00134228187919
0.960595727791 0.00134228187919
0.960934906545 0.00134228187919
0.961281301869 0.00134228187919
0.961647542758 0.00134228187919
0.962004762936 0.00134228187919
0.962360178971 0.00134228187919
0.962672295591 0.00134228187919
0.96300786606 0.00134228187919
0.963334415819 0.00134228187919
0.963648336581 0.00134228187919
0.963940607635 0.00134228187919
0.964254528397 0.00134228187919
0.964564840875 0.00134228187919
0.964848091217 0.00134228187919
0.965180053403 0.00134228187919
0.965486757595 0.00134228187919
0.965834957061 0.00134228187919
0.966120011547 0.00134228187919
0.966430324024 0.00134228187919
0.966751461355 0.00134228187919
0.967045536552 0.00134228187919
0.967330591037 0.00134228187919
0.967640903514 0.0
0.967929566284 0.0
0.968229053908 0.0
0.968548387097 0.0
0.968838854009 0.0
0.969125712636 0.0
0.969358446994 0.0
0.969648913906 0.0
0.969957422241 0.0
0.9702370643 0.0
0.970514902215 0.0
0.970785523562 0.0
0.971052536624 0.0
0.971267229559 0.0
0.971516201198 0.0
0.971785018402 0.0
0.972035794183 0.0
0.972264920257 0.0
0.972506675327 0.0
0.972762863535 0.0
0.97300101032 0.0
0.973255394386 0.0
0.973526015732 0.0
0.973773183229 0.0
0.973986072021 0.0
0.974218806379 0.0
0.974447932453 0.0
0.97471133723 0.0
0.974963917154 0.0
0.975196651512 0.0
0.975445623151 0.0
0.975696398932 0.0
0.975945370571 0.0
0.976154651079 0.0
0.976396406149 0.0
0.976611099084 0.0
0.976840225157 0.0
0.977060330519 0.0
0.977289456592 0.0
0.977496932958 0.0
0.977697192755 0.0
0.977942556109 0.0
0.978139207621 0.0
0.978373746121 0.0
0.978581222487 0.0
0.978788698853 0.0
0.978992566934 0.0
0.979203651584 0.0
0.979400303096 0.0
0.979602367035 0.0
0.979780977123 0.0
0.979948762358 0.0
0.980130980732 0.0
0.980313199105 0.0
0.980466551202 0.0
0.980643357148 0.0
0.980856245941 0.0
0.981045680883 0.0
0.981258569676 0.0
0.981426354911 0.0
0.981623006423 0.0
0.9818395035 0.0
0.98198744317 0.0
0.982148011835 0.0
0.982337446778 0.0
0.982499819586 0.0
0.982678429675 0.0
0.982851627336 0.0
0.982997762864 0.0
0.983152919102 0.0
0.983324312622 0.0
0.983479468861 0.0
0.983625604388 0.0
0.983789781338 0.0
0.983930504438 0.0
0.984060402685 0.0
0.984204734069 0.0
0.984356282024 0.0
0.984506025835 0.0
0.984641336509 0.0
0.984789276178 0.0
0.984949844844 0.0
0.985094176229 0.0
0.985254744894 0.0
0.985388251425 0.0
0.98555603666 0.0
0.985698563903 0.0
0.985857328426 0.0
0.985996247384 0.0
0.9861333622 0.0
0.986234394169 0.0
0.986362488273 0.0
0.986510427943 0.0
0.986631305477 0.0
0.986764812008 0.0
0.986885689543 0.0
0.987042649924 0.0
0.987177960598 0.0
0.987311467129 0.0
0.987407086671 0.0
0.987518943494 0.0
0.987650645883 0.0
0.987767915133 0.0
0.987870751245 0.0
0.987993432922 0.0
0.98813235188 0.0
0.988258641842 0.0
0.988399364942 0.0
0.988511221765 0.0
0.988617666162 0.0
0.988711481562 0.0
0.988830554954 0.0
0.988949628347 0.0
0.989052464458 0.0
0.989169733709 0.0
0.98927978639 0.0
0.989379014217 0.0
0.98951432489 0.0
0.989624377571 0.0
0.989707368117 0.0
0.989817420798 0.0
0.989929277621 0.0
0.990033917875 0.0
0.990113300137 0.0
0.990219744533 0.0
0.990308147507 0.0
0.990414591903 0.0
0.990524644584 0.0
0.990620264126 0.0
0.990706862957 0.0
0.990768203796 0.0
0.990881864761 0.0
0.990972071877 0.0
0.991047845854 0.0
0.991163310962 0.0
0.991251713935 0.0
0.991329292055 0.0
0.991406870174 0.0
0.991480840009 0.0
0.991587284405 0.0
0.991677491521 0.0
0.991751461355 0.0
0.991843472613 0.0
0.991921050732 0.0
0.992022082702 0.0
0.992097856679 0.0
0.992162805802 0.0
0.992245796348 0.0
0.992332395179 0.0
0.992417189868 0.0
0.992487551418 0.0
0.992556108826 0.0
0.99266074908 0.0
0.992745543768 0.0
0.99282492603 0.0
0.992911524861 0.0
0.992990907123 0.0
0.993063072815 0.0
0.993151475788 0.0
0.993220033196 0.0
0.993294003031 0.0
0.993362560439 0.0
0.993436530274 0.0
0.993510500108 0.0
0.993595294797 0.0
0.993654831493 0.0
0.993719780616 0.0
0.993790142166 0.0
0.993849678863 0.0
0.993909215559 0.0
0.993979577109 0.0
0.994033701378 0.0
0.994095042217 0.0
0.994158187198 0.0
0.994205094898 0.0
0.99426102331 0.0
0.994322364148 0.0
0.99437829256 0.0
0.994427004402 0.0
0.994481128671 0.0
0.994538861225 0.0
0.994598397922 0.0
0.994638089052 0.0
0.994679584326 0.0
0.99473010031 0.0
0.994780616295 0.0
0.99483113228 0.0
0.994861802699 0.0
0.994914122826 0.0
0.994961030526 0.0
0.995029587934 0.0
0.995078299776 0.0
0.995119795049 0.0
0.995170311034 0.0
0.995228043588 0.0
0.995271343004 0.0
0.99530742585 0.0
0.995347116981 0.0
0.995383199827 0.0
0.995413870246 0.0
0.995444540665 0.0
0.995480623512 0.0
0.995507685646 0.0
0.995549180919 0.0
0.995590676193 0.0
0.995637583893 0.0
0.995677275023 0.0
0.995709749585 0.0
0.995756657285 0.0
0.995785523562 0.0
0.995828822978 0.0
0.995881143105 0.0
0.995911813524 0.0
0.995944288085 0.0
0.995980370932 0.0
0.996009237209 0.0
0.996027278632 0.0
0.996068773905 0.0
0.996097640182 0.0
0.996139135455 0.0
0.996171610017 0.0
0.996207692863 0.0
0.996227538428 0.0
0.996263621274 0.0
0.996301508263 0.0
0.996328570398 0.0
0.996370065671 0.0
0.996420581655 0.0
0.996449447932 0.0
0.996481922494 0.0
0.996516201198 0.0
0.996536046763 0.0
0.996575737894 0.0
0.996600995887 0.0
0.996633470448 0.0
0.996658728441 0.0
0.996693007144 0.0
0.996721873421 0.0
0.996748935556 0.0
0.996779605975 0.0
0.996813884679 0.0
0.996835534387 0.0
0.996860792379 0.0
0.996886050372 0.0
0.996922133218 0.0
0.996945587068 0.0
0.996976257487 0.0
0.996996103053 0.0
0.997028577614 0.0
0.997057443891 0.0
0.997080897741 0.0
0.997115176445 0.0
0.997133217868 0.0
0.997160280003 0.0
0.997174713141 0.0
0.997201775276 0.0
0.997234249838 0.0
0.997252291261 0.0
0.997268528542 0.0
0.997293786534 0.0
0.997328065238 0.0
0.997356931515 0.0
0.997382189507 0.0
0.997409251642 0.0
0.997438117919 0.0
0.997456159342 0.0
0.997481417334 0.0
0.9975012629 0.0
0.997531933319 0.0
0.997555387169 0.0
0.997573428592 0.0
0.997591470015 0.0
0.997609511438 0.0
0.997629357004 0.0
0.997652810854 0.0
0.99766543985 0.0
0.997685285415 0.0
0.997708739265 0.0
0.997737605542 0.0
0.997766471819 0.0
0.997788121527 0.0
0.997818791946 0.0
0.997833225085 0.0
0.997858483077 0.0
0.997878328643 0.0
0.997898174208 0.0
0.997928844627 0.0
0.99794688605 0.0
0.997973948185 0.0
0.997986577181 0.0
0.997999206177 0.0
0.998011835174 0.0
0.998026268312 0.0
0.99804791802 0.0
0.998056938731 0.0
0.998069567728 0.0
0.998084000866 0.0
0.998112867143 0.0
0.998130908566 0.0
0.998152558274 0.0
0.998161578985 0.0
0.998174207982 0.0
0.998183228693 0.0
0.998208486685 0.0
0.998224723966 0.0
0.998240961247 0.0
0.998251786101 0.0
0.998264415097 0.0
0.99828245652 0.0
0.998293281374 0.0
0.998311322797 0.0
0.99832936422 0.0
0.998349209786 0.0
0.998369055351 0.0
0.998379880205 0.0
0.998396117486 0.0
0.998408746482 0.0
0.99842317962 0.0
0.998428592047 0.0
0.998432200332 0.0
0.998444829328 0.0
0.99845385004 0.0
0.998462870751 0.0
0.998479108032 0.0
0.998493541171 0.0
0.998506170167 0.0
0.998518799163 0.0
0.998531428159 0.0
0.998549469582 0.0
0.998558490294 0.0
0.99857111929 0.0
0.998578335859 0.0
0.998589160713 0.0
0.998596377282 0.0
0.998607202136 0.0
0.998614418705 0.0
0.998628851844 0.0
0.998637872555 0.0
0.998645089125 0.0
