002422
002838
005327
009131
009859
013739
014950
015953
017127
017439
018962
022218
022530
058242
058762
058866
059869
060844
061847
062122
063541
063853
066342
066862
068348
068452
068972
071849
072540
072748
072852
102319
103946
104741
106851
112841
113428
115018
115850
119654
122323
123742
126439
128237
130007
130839
135126
136649
137860
150219
153852
161016
161536
165028
166239
167762
168349
168661
168765
173648
176241
177452
201837
202840
204534
205329
207647
207855
211423
212114
215747
216230
216334
216646
216750
216958
217025
223743
250428
250532
254336
259247
259559
266656
266760
266864
267867
268142
268246
269249
269665
271019
271123
272750
275655
277245
300835
301630
301734
303116
304743
304847
304951
308859
310213
315332
316231
316959
318133
318861
321738
322013
322637
322949
352019
355340
355548
355860
355964
356447
356551
357346
357970
359976
362541
362645
362749
365862
366033
368767
368871
368975
369042
369250
371956
372231
401215
402842
403429
409967
410734
417443
419969
420320
451329
451433
453959
456760
457763
458766
462542
463545
464444
466034
466242
467245
469147
