002318
005431
005535
007853
013115
014222
016020
018650
019029
021527
021735
021839
022842
051845
053123
054022
054334
057967
058034
059973
061535
062018
066238
066446
068036
068660
070014
070638
101732
102215
102943
106435
106747
109132
110003
110211
111838
111942
112009
112113
112321
114951
115642
115746
117128
117232
121736
122115
122219
125644
125748
126127
126335
129344
129552
130111
130735
134851
135334
150427
150635
150739
153956
154023
157136
157240
157864
168141
172125
172957
173336
175862
175966
200210
200314
200418
201733
204430
204638
205641
208754
211943
214848
215019
216126
217961
220734
223639
251535
254232
256446
260742
264130
264234
265237
267139
269041
273545
300627
303636
306125
307232
307336
307648
307752
307856
309446
310005
314121
314225
315020
315436
315540
319344
319448
319552
319656
319864
320215
320319
320423
320527
320631
320735
320943
321634
323120
323328
325750
325854
350637
350845
352955
353334
353438
354961
355028
356343
356655
358869
361746
363336
363440
366137
366241
366345
366553
366657
368351
370017
371748
373754
400836
402946
403533
405851
406854
406958
410526
410942
411425
412116
412220
413951
414226
414330
414434
417131
420424
450638
453335
454650
455549
456656
457971
458246
459353
459457
460328
461227
461331
461435
462854
462958
463025
463961
466346
467141
467349
469251
469459
