004636
004948
019341
019445
053643
053955
065859
065963
073543
073647
106019
110419
114431
116229
117648
117752
119238
129968
130943
131634
134955
135022
137756
137964
138343
138551
139242
139970
156341
159974
160117
163022
163126
163230
169352
169456
178559
179666
200106
217753
221321
221841
221945
223951
225021
225229
225333
225437
225541
225645
226648
226752
226960
227027
227859
268766
269457
271435
271643
271747
275447
276970
300211
300315
308131
312947
313014
324539
325230
325334
326025
350117
350533
354857
360431
364963
365030
365654
373130
400108
403741
403845
407545
413327
419345
419449
452020
452124
454754
465135
465239
466658
471437
