002630
002942
009963
013011
013635
014638
016228
021943
024744
051013
066654
066758
071953
102423
103114
103218
113012
114639
115122
119862
121424
122427
129864
136233
137340
137444
138863
139554
151222
154231
156237
158347
161744
162435
162747
165132
167034
171434
171538
178143
179042
179562
200834
200938
207751
208026
210316
211319
215851
219239
224226
224746
224954
225125
225749
226024
226128
226232
227547
250220
255651
255755
259663
269353
269561
275551
277141
277349
302841
305122
308235
309342
310317
314537
314641
325022
325126
350221
354649
355756
356863
362125
362437
369354
400940
401111
410422
411321
413743
418862
451537
454026
456448
457867
459665
465759
466138
466970
469875
469979
