002526
002734
005223
005639
008440
009547
010002
016124
020212
021423
021631
022322
051221
053019
054126
054230
054438
057863
058138
063645
064960
065131
066550
067241
067969
068764
070222
070742
071537
072956
074130
104221
104637
109236
109964
112217
112945
115226
119030
121528
123118
123846
125540
126023
126751
128133
129448
129656
130631
150531
150843
152121
153644
153748
154335
159350
161640
162851
166447
167554
168245
168453
170535
171330
173544
175342
176345
177140
179146
201525
201629
202112
210212
214952
216854
217129
223847
250324
251951
252330
255131
260950
263439
264338
264546
264650
265133
267347
268454
301526
304639
306333
307440
307544
308963
309030
309238
312739
317650
320839
322741
350429
351848
352851
355132
356031
356967
357138
357658
362229
366449
367452
369146
369874
369978
370121
371124
371436
412012
412948
413015
413119
413847
416232
419137
420008
421011
451225
458454
460224
462438
463441
463753
464340
467661
468040
469043
469355
470122
