217025
223743
250428
250532
259247
259559
266760
267867
268246
269249
300835
301630
304847
310213
315332
316959
318133
322013
352019
355340
355548
356551
357346
357970
362541
362645
365862
366033
368975
372231
401215
402842
451433
462542
464444
469147
207855
215747
216646
216750
254336
266656
266864
268142
269665
271019
271123
272750
275655
277245
301734
303116
304743
304951
308859
316231
318861
321738
322637
322949
355860
355964
356447
359976
362749
368767
368871
369042
369250
371956
403429
409967
215019
216126
217961
256446
260742
265237
269041
303636
307232
307336
315020
315436
315540
319448
319552
319656
319864
321634
350637
352955
353334
353438
355028
356655
361746
363336
366241
366553
400836
403533
412220
417131
450638
453335
454650
458246
460328
461227
461331
461435
467141
211943
220734
223639
251535
254232
264130
264234
267139
273545
300627
306125
307648
307752
307856
309446
310005
314121
314225
319344
320215
320319
320423
320527
320631
320735
320943
323120
323328
325750
325854
350845
354961
356343
358869
363440
366137
366345
366657
368351
370017
371748
217753
269457
300211
308131
312947
313014
324539
325230
325334
350533
360431
365030
365654
403741
403845
419449
452020
452124
465239
179666
221321
221841
221945
223951
225021
225229
225333
225437
225541
225645
226648
226752
226960
227027
227859
268766
271435
271643
162747
171434
178143
179042
200834
200938
207751
208026
210316
215851
224746
225125
225749
226024
227547
250220
255651
259663
275551
277141
224226
224954
226128
226232
255755
269353
269561
277349
302841
305122
314537
325022
400940
411321
418862
454026
459665
466138
466970
469979
153748
154335
159350
168245
170535
173544
176345
201629
210212
214952
216854
217129
251951
260950
263439
264338
264546
301526
304639
306333
307544
308963
309030
309238
312739
317650
320839
322741
351848
355132
356031
177140
179146
201525
202112
223847
250324
252330
255131
264650
265133
267347
268454
307440
350429
352851
356967
357658
362229
366449
369146
369874
370121
371436
413119
413847
419137
421011
462438
463441
467661
469043
267659
268038
277661
308339
317234
354441
354545
357242
358973
362333
363232
364547
371540
277037
277557
277869
278040
301006
303324
317130
318965
323536
354753
357450
357554
362021
