005327
009859
014950
017127
017439
022218
058242
058866
060844
066342
068348
068452
068972
071849
072852
102319
106851
112841
113428
119654
126439
136649
137860
161016
165028
166239
168349
168661
173648
177452
205329
211423
212114
216230
216334
216958
002422
002838
009131
013739
015953
018962
022530
058762
059869
061847
062122
063541
063853
066862
072540
072748
103946
104741
115018
115850
122323
123742
128237
130007
130839
135126
150219
153852
161536
167762
168765
176241
201837
202840
204534
207647
002318
005431
013115
016020
018650
021735
053123
054022
054334
058034
066238
068660
102215
102943
106747
109132
112009
112113
117128
117232
121736
122115
122219
125748
126335
130111
130735
150427
150635
150739
153956
154023
157864
168141
172957
173336
175862
200210
200314
208754
214848
005535
007853
014222
019029
021527
021839
022842
051845
057967
059973
061535
062018
066446
068036
070014
070638
101732
106435
110003
110211
111838
111942
112321
114951
115642
115746
125644
126127
129344
129552
134851
135334
157136
157240
172125
175966
200418
201733
204430
204638
205641
004636
019445
053643
053955
065859
073647
106019
110419
116229
117648
119238
129968
131634
139242
156341
159974
163126
169456
200106
004948
019341
065963
073543
114431
117752
130943
134955
135022
137756
137964
138343
138551
139970
160117
163022
163230
169352
178559
002630
013635
014638
021943
024744
066654
071953
102423
103114
113012
114639
115122
119862
122427
129864
137444
139554
151222
156237
161744
002942
009963
013011
016228
051013
066758
103218
121424
136233
137340
138863
154231
158347
162435
165132
167034
171538
179562
211319
219239
002526
005639
009547
010002
016124
021423
021631
022322
051221
053019
054126
054230
064960
066550
067241
068764
070222
070742
072956
104221
109236
112217
121528
123118
126751
129656
130631
150531
150843
153644
002734
005223
008440
020212
054438
057863
058138
063645
065131
067969
071537
074130
104637
109964
112945
115226
119030
123846
125540
126023
128133
129448
152121
161640
162851
166447
167554
168453
171330
175342
013843
068556
069975
101628
120941
135958
151430
151534
204222
206332
208962
254960
255027
256238
020732
053227
101212
105120
106955
120837
162227
165236
178455
224122
224850
256342
265549
267971
