0.00217476489028 0.69375
0.00239028213166 0.6875
0.00260579937304 0.68125
0.00290948275862 0.66875
0.00317398119122 0.65
0.00346786833856 0.6375
0.00377155172414 0.621875
0.0041144200627 0.609375
0.00435932601881 0.6
0.00470219435737 0.59375
0.00506465517241 0.578125
0.00540752351097 0.565625
0.00583855799373 0.55625
0.00625979623824 0.546875
0.00666144200627 0.540625
0.00706308777429 0.53125
0.00762147335423 0.525
0.00810148902821 0.525
0.00877742946708 0.5125
0.00948275862069 0.50625
0.00993338557994 0.49375
0.0106387147335 0.484375
0.0114126175549 0.48125
0.0121767241379 0.46875
0.0130094043887 0.4625
0.0138910658307 0.45625
0.0149196708464 0.45625
0.0158209247649 0.4375
0.0168201410658 0.428125
0.0179760971787 0.40625
0.0191026645768 0.4
0.0200920846395 0.39375
0.0210717084639 0.38125
0.022315830721 0.38125
0.0236089341693 0.371875
0.0248432601881 0.365625
0.0261853448276 0.35625
0.0273804858934 0.334375
0.0287225705329 0.334375
0.0300450626959 0.325
0.0315438871473 0.31875
0.0329153605016 0.309375
0.0346199059561 0.296875
0.0361579153605 0.2875
0.0376077586207 0.275
0.03934169279 0.271875
0.041026645768 0.2625
0.0427409874608 0.253125
0.044190830721 0.246875
0.0457680250784 0.234375
0.0472080721003 0.228125
0.0490693573668 0.228125
0.0508228840125 0.228125
0.0525568181818 0.221875
0.0544278996865 0.221875
0.0561226489028 0.2125
0.0581700626959 0.209375
0.0602370689655 0.203125
0.0622746865204 0.203125
0.0645670062696 0.196875
0.0667221786834 0.19375
0.0687402037618 0.184375
0.0707876175549 0.18125
0.0729427899687 0.171875
0.0750097962382 0.16875
0.0771943573668 0.16875
0.0791340125392 0.1625
0.0814459247649 0.159375
0.0835129310345 0.159375
0.0855603448276 0.15625
0.0879114420063 0.153125
0.0901155956113 0.146875
0.0925058777429 0.1375
0.0948177899687 0.134375
0.096875 0.13125
0.0992554858934 0.13125
0.101635971787 0.125
0.103820532915 0.121875
0.106602664577 0.121875
0.109081112853 0.115625
0.111530172414 0.115625
0.114057601881 0.1125
0.116291144201 0.109375
0.118426724138 0.10625
0.120914968652 0.103125
0.123305250784 0.103125
0.125871865204 0.1
0.12829153605 0.1
0.130642633229 0.096875
0.133052507837 0.096875
0.135570141066 0.090625
0.138048589342 0.090625
0.140252742947 0.0875
0.142505877743 0.084375
0.14503330721 0.08125
0.147345219436 0.08125
0.149745297806 0.075
0.15223354232 0.075
0.154565047022 0.075
0.157043495298 0.075
0.159678683386 0.075
0.162460815047 0.06875
0.164958855799 0.06875
0.167211990596 0.065625
0.169563087774 0.065625
0.172188479624 0.0625
0.174480799373 0.053125
0.176949451411 0.053125
0.179663009404 0.053125
0.182190438871 0.053125
0.184649294671 0.053125
0.187117946708 0.053125
0.189890282132 0.053125
0.192564655172 0.053125
0.195052899687 0.053125
0.197384404389 0.053125
0.200303683386 0.053125
0.203213166144 0.053125
0.205799373041 0.053125
0.208111285266 0.053125
0.211040360502 0.05
0.213440438871 0.046875
0.215869905956 0.046875
0.218730407524 0.04375
0.22109130094 0.040625
0.223442398119 0.040625
0.225989420063 0.040625
0.228595219436 0.040625
0.230877742947 0.040625
0.233395376176 0.040625
0.235815047022 0.040625
0.238097570533 0.0375
0.240820924765 0.0375
0.243279780564 0.0375
0.245836598746 0.034375
0.248628526646 0.034375
0.251136363636 0.034375
0.25384992163 0.034375
0.255985501567 0.034375
0.258718652038 0.034375
0.261265673981 0.034375
0.263871473354 0.034375
0.266369514107 0.034375
0.268779388715 0.034375
0.271228448276 0.034375
0.273706896552 0.034375
0.276146159875 0.034375
0.278369905956 0.034375
0.280897335423 0.034375
0.283610893417 0.034375
0.286099137931 0.034375
0.288744122257 0.034375
0.291163793103 0.03125
0.293554075235 0.03125
0.295944357367 0.028125
0.298461990596 0.028125
0.301028605016 0.025
0.303418887147 0.025
0.305809169279 0.025
0.308307210031 0.025
0.310570141066 0.025
0.312803683386 0.025
0.315370297806 0.025
0.317437304075 0.025
0.319710031348 0.025
0.322188479624 0.025
0.324676724138 0.025
0.326763322884 0.025
0.329222178683 0.025
0.331563479624 0.025
0.333748040752 0.025
0.336275470219 0.025
0.338832288401 0.025
0.341105015674 0.025
0.343642241379 0.025
0.345787617555 0.025
0.348079937304 0.025
0.350293887147 0.025
0.352850705329 0.025
0.355143025078 0.025
0.357405956113 0.025
0.359551332288 0.025
0.361755485893 0.025
0.36394984326 0.01875
0.366594827586 0.015625
0.368789184953 0.015625
0.37109130094 0.0125
0.373050548589 0.0125
0.375352664577 0.0125
0.377713557994 0.0125
0.380397727273 0.0125
0.382885971787 0.0125
0.385178291536 0.0125
0.387411833856 0.0125
0.389655172414 0.0125
0.391849529781 0.0125
0.393808777429 0.0125
0.396120689655 0.0125
0.398393416928 0.0125
0.400372257053 0.0125
0.402458855799 0.0125
0.404937304075 0.0125
0.407072884013 0.0125
0.409237852665 0.0125
0.411314655172 0.0125
0.413322884013 0.0125
0.415507445141 0.0125
0.417309952978 0.009375
0.419612068966 0.009375
0.421747648903 0.009375
0.423814655172 0.009375
0.425773902821 0.009375
0.428183777429 0.00625
0.430329153605 0.00625
0.432543103448 0.00625
0.434727664577 0.00625
0.436863244514 0.00625
0.438910658307 0.00625
0.440820924765 0.00625
0.442976097179 0.00625
0.44503330721 0.00625
0.447355015674 0.00625
0.44944161442 0.00625
0.451547805643 0.00625
0.453742163009 0.00625
0.455946316614 0.00625
0.458081896552 0.00625
0.459894200627 0.00625
0.461951410658 0.00625
0.464067398119 0.00625
0.466065830721 0.00625
0.468113244514 0.00625
0.470082288401 0.00625
0.472129702194 0.00625
0.474196708464 0.003125
0.476263714734 0.003125
0.478399294671 0.003125
0.480329153605 0.003125
0.48220023511 0.003125
0.484316222571 0.003125
0.486128526646 0.003125
0.487950626959 0.003125
0.490056818182 0.003125
0.491888714734 0.003125
0.4940830721 0.003125
0.495944357367 0.003125
0.49782523511 0.003125
0.499862852665 0.003125
0.501851489028 0.003125
0.503595219436 0.003125
0.505476097179 0.003125
0.507582288401 0.003125
0.509776645768 0.003125
0.511980799373 0.003125
0.513881269592 0.003125
0.515654388715 0.003125
0.517662617555 0.003125
0.519435736677 0.003125
0.521355799373 0.003125
0.523187695925 0.003125
0.524921630094 0.003125
0.526861285266 0.003125
0.528634404389 0.003125
0.530319357367 0.003125
0.532112068966 0.003125
0.534012539185 0.003125
0.53565830721 0.003125
0.537313871473 0.003125
0.538989028213 0.003125
0.540938479624 0.003125
0.542848746082 0.003125
0.544592476489 0.003125
0.546434169279 0.003125
0.548422805643 0.003125
0.550293887147 0.003125
0.551920062696 0.003125
0.553781347962 0.003125
0.555662225705 0.003125
0.557376567398 0.003125
0.559306426332 0.003125
0.560981583072 0.003125
0.562823275862 0.003125
0.564518025078 0.003125
0.566095219436 0.003125
0.567819357367 0.003125
0.569494514107 0.003125
0.571208855799 0.003125
0.572864420063 0.003125
0.574706112853 0.003125
0.576547805643 0.003125
0.578281739812 0.003125
0.579760971787 0.003125
0.581514498433 0.003125
0.583336598746 0.003125
0.585080329154 0.003125
0.586569357367 0.003125
0.588156347962 0.003125
0.589811912226 0.003125
0.591526253918 0.003125
0.593044670846 0.003125
0.594651253918 0.003125
0.596218652038 0.003125
0.597815438871 0.003125
0.599196708464 0.003125
0.600979623824 0.003125
0.6027919279 0.003125
0.604555250784 0.003125
0.606308777429 0.003125
0.607915360502 0.003125
0.609561128527 0.003125
0.611363636364 0.003125
0.613048589342 0.003125
0.614704153605 0.003125
0.616271551724 0.003125
0.617760579937 0.003125
0.619582680251 0.003125
0.621277429467 0.003125
0.622972178683 0.003125
0.624529780564 0.003125
0.626253918495 0.003125
0.627968260188 0.003125
0.629623824451 0.003125
0.631181426332 0.003125
0.633052507837 0.003125
0.634668887147 0.003125
0.636471394984 0.003125
0.638244514107 0.003125
0.639684561129 0.003125
0.641163793103 0.003125
0.642819357367 0.003125
0.644288793103 0.003125
0.645797413793 0.003125
0.647178683386 0.003125
0.648961598746 0.003125
0.650293887147 0.003125
0.651880877743 0.003125
0.653409090909 0.003125
0.655123432602 0.003125
0.6565830721 0.003125
0.658101489028 0.003125
0.659678683386 0.003125
0.661226489028 0.003125
0.662803683386 0.003125
0.664126175549 0.003125
0.665605407524 0.003125
0.66707484326 0.003125
0.668632445141 0.003125
0.670150862069 0.003125
0.67170846395 0.003125
0.673334639498 0.003125
0.674804075235 0.003125
0.676400862069 0.003125
0.677762539185 0.003125
0.679104623824 0.003125
0.680485893417 0.003125
0.682063087774 0.003125
0.68348354232 0.003125
0.684903996865 0.003125
0.686432210031 0.003125
0.687813479624 0.003125
0.689380877743 0.003125
0.690781739812 0.003125
0.692202194357 0.003125
0.693495297806 0.003125
0.695092084639 0.003125
0.6965419279 0.003125
0.697962382445 0.003125
0.699431818182 0.003125
0.700852272727 0.003125
0.702321708464 0.003125
0.70390869906 0.003125
0.705143025078 0.003125
0.706543887147 0.003125
0.707885971787 0.003125
0.709179075235 0.003125
0.71049177116 0.003125
0.711853448276 0.003125
0.713313087774 0.003125
0.71456700627 0.003125
0.716046238245 0.003125
0.717456896552 0.003125
0.718847962382 0.003125
0.72019984326 0.003125
0.721532131661 0.003125
0.723021159875 0.003125
0.724363244514 0.003125
0.725803291536 0.003125
0.72717476489 0.003125
0.728712774295 0.003125
0.730123432602 0.003125
0.731406739812 0.003125
0.732562695925 0.003125
0.733836206897 0.003125
0.73526645768 0.003125
0.736579153605 0.003125
0.737970219436 0.003125
0.739351489028 0.003125
0.74045846395 0.003125
0.741565438871 0.003125
0.742878134796 0.003125
0.744112460815 0.003125
0.745513322884 0.003125
0.746806426332 0.003125
0.747952586207 0.003125
0.74927507837 0.003125
0.750440830721 0.003125
0.75167515674 0.003125
0.752811520376 0.003125
0.754055642633 0.003125
0.755280172414 0.003125
0.756494905956 0.003125
0.757611677116 0.003125
0.758777429467 0.003125
0.760139106583 0.003125
0.761373432602 0.003125
0.762597962382 0.003125
0.764018416928 0.003125
0.765242946708 0.003125
0.766428291536 0.003125
0.767594043887 0.003125
0.768544278997 0.003125
0.769876567398 0.003125
0.770846394984 0.003125
0.772080721003 0.003125
0.773168103448 0.003125
0.774324059561 0.003125
0.775470219436 0.003125
0.776753526646 0.003125
0.777831112853 0.003125
0.779192789969 0.003125
0.780221394984 0.003125
0.781298981191 0.003125
0.782503918495 0.003125
0.783787225705 0.003125
0.785021551724 0.003125
0.786265673981 0.003125
0.787451018809 0.003125
0.788489420063 0.003125
0.789488636364 0.003125
0.790605407524 0.003125
0.791780956113 0.003125
0.792750783699 0.003125
0.793642241379 0.003125
0.794465125392 0.003125
0.795601489028 0.003125
0.796551724138 0.003125
0.797844827586 0.003125
0.799020376176 0.003125
0.800019592476 0.003125
0.80105799373 0.003125
0.802115987461 0.003125
0.803125 0.003125
0.804271159875 0.003125
0.805280172414 0.003125
0.806436128527 0.003125
0.807572492163 0.003125
0.808708855799 0.003125
0.809776645768 0.003125
0.810864028213 0.003125
0.811980799373 0.003125
0.81299960815 0.003125
0.814067398119 0.003125
0.815105799373 0.003125
0.816271551724 0.003125
0.817427507837 0.003125
0.818505094044 0.003125
0.819396551724 0.003125
0.820190047022 0.003125
0.821297021944 0.003125
0.822296238245 0.003125
0.823275862069 0.003125
0.824226097179 0.003125
0.825254702194 0.003125
0.826234326019 0.003125
0.827164968652 0.003125
0.828193573668 0.003125
0.829290752351 0.003125
0.83035854232 0.003125
0.831494905956 0.003125
0.832347178683 0.003125
0.83331700627 0.003125
0.834433777429 0.003125
0.835276253918 0.003125
0.836177507837 0.003125
0.837147335423 0.003125
0.837940830721 0.003125
0.83900862069 0.003125
0.839939263323 0.003125
0.840909090909 0.003125
0.841810344828 0.003125
0.842878134796 0.003125
0.843896943574 0.003125
0.845082288401 0.003125
0.845768025078 0.003125
0.846718260188 0.003125
0.847590125392 0.003125
0.848510971787 0.003125
0.849304467085 0.003125
0.850254702194 0.003125
0.851067789969 0.003125
0.852047413793 0.003125
0.852938871473 0.003125
0.853810736677 0.003125
0.854692398119 0.003125
0.855427115987 0.003125
0.856161833856 0.003125
0.85697492163 0.003125
0.857817398119 0.003125
0.858699059561 0.003125
0.859423981191 0.003125
0.860227272727 0.003125
0.861206896552 0.003125
0.862157131661 0.003125
0.862872257053 0.003125
0.863636363636 0.003125
0.864478840125 0.003125
0.865223354232 0.003125
0.86612460815 0.003125
0.86690830721 0.003125
0.867643025078 0.003125
0.868387539185 0.003125
0.869053683386 0.003125
0.869690438871 0.003125
0.870434952978 0.003125
0.871199059561 0.003125
0.872021943574 0.003125
0.872884012539 0.003125
0.873628526646 0.003125
0.874324059561 0.003125
0.875097962382 0.003125
0.875871865204 0.003125
0.876586990596 0.003125
0.877507836991 0.003125
0.878164184953 0.003125
0.87884992163 0.003125
0.879486677116 0.003125
0.880143025078 0.003125
0.8809169279 0.003125
0.88164184953 0.003125
0.882327586207 0.003125
0.883062304075 0.003125
0.88381661442 0.003125
0.884463166144 0.003125
0.885197884013 0.003125
0.886001175549 0.003125
0.886706504702 0.003125
0.887353056426 0.003125
0.888117163009 0.003125
0.888910658307 0.003125
0.889537617555 0.003125
0.890184169279 0.003125
0.89101684953 0.003125
0.891898510972 0.003125
0.892515673981 0.003125
0.893142633229 0.003125
0.893857758621 0.003125
0.894602272727 0.003125
0.895307601881 0.003125
0.896110893417 0.003125
0.896826018809 0.003125
0.897511755486 0.003125
0.898207288401 0.003125
0.898755877743 0.003125
0.899412225705 0.003125
0.900195924765 0.003125
0.900822884013 0.003125
0.901479231975 0.003125
0.902076802508 0.003125
0.902674373041 0.003125
0.903360109718 0.003125
0.904055642633 0.003125
0.904751175549 0.003125
0.905407523511 0.003125
0.906093260188 0.003125
0.906788793103 0.003125
0.907415752351 0.003125
0.908072100313 0.003125
0.908689263323 0.003125
0.909345611285 0.003125
0.909923589342 0.003125
0.910521159875 0.003125
0.911275470219 0.003125
0.911863244514 0.003125
0.912362852665 0.003125
0.913019200627 0.003125
0.913577586207 0.003125
0.914253526646 0.003125
0.91473354232 0.003125
0.915213557994 0.003125
0.91579153605 0.003125
0.916418495298 0.003125
0.916947492163 0.003125
0.917505877743 0.003125
0.918064263323 0.003125
0.918544278997 0.003125
0.919073275862 0.003125
0.919484717868 0.003125
0.920131269592 0.003125
0.920621081505 0.003125
0.921218652038 0.003125
0.921806426332 0.003125
0.922227664577 0.003125
0.92265869906 0.003125
0.92315830721 0.003125
0.923746081505 0.003125
0.924333855799 0.003125
0.924696316614 0.003125
0.925146943574 0.003125
0.925617163009 0.003125
0.926067789969 0.003125
0.926577194357 0.003125
0.927057210031 0.003125
0.927576410658 0.003125
0.928105407524 0.003125
0.928614811912 0.003125
0.929173197492 0.003125
0.929604231975 0.003125
0.930035266458 0.003125
0.930613244514 0.003125
0.931014890282 0.003125
0.931602664577 0.003125
0.932014106583 0.003125
0.932523510972 0.003125
0.933140673981 0.003125
0.933552115987 0.003125
0.933992946708 0.003125
0.934482758621 0.003125
0.934943181818 0.003125
0.935570141066 0.003125
0.936069749216 0.003125
0.936539968652 0.003125
0.937029780564 0.003125
0.937509796238 0.003125
0.937931034483 0.003125
0.938352272727 0.003125
0.938753918495 0.003125
0.939184952978 0.003125
0.939743338558 0.003125
0.940213557994 0.003125
0.940742554859 0.003125
0.941261755486 0.003125
0.94174177116 0.003125
0.942182601881 0.003125
0.942535266458 0.003125
0.943015282132 0.003125
0.943514890282 0.003125
0.943896943574 0.003125
0.944259404389 0.003125
0.944651253918 0.003125
0.945013714734 0.003125
0.945513322884 0.003125
0.946061912226 0.003125
0.946502742947 0.003125
0.946806426332 0.003125
0.94726684953 0.003125
0.947639106583 0.003125
0.948050548589 0.003125
0.948413009404 0.003125
0.948834247649 0.003125
0.949471003135 0.003125
0.949892241379 0.003125
0.950323275862 0.003125
0.95072492163 0.003125
0.951136363636 0.003125
0.951420454545 0.003125
0.95184169279 0.003125
0.952115987461 0.003125
0.952498040752 0.003125
0.952968260188 0.003125
0.953399294671 0.003125
0.953742163009 0.003125
0.95407523511 0.003125
0.954457288401 0.003125
0.954839341693 0.003125
0.95519200627 0.003125
0.955485893417 0.003125
0.955867946708 0.003125
0.956230407524 0.003125
0.956524294671 0.003125
0.956857366771 0.003125
0.957043495298 0.003125
0.957474529781 0.003125
0.957797805643 0.003125
0.958238636364 0.003125
0.958561912226 0.003125
0.958914576803 0.003125
0.959169278997 0.003125
0.959521943574 0.003125
0.959845219436 0.003125
0.960207680251 0.003125
0.960579937304 0.003125
0.960893416928 0.003125
0.961246081505 0.003125
0.961647727273 0.003125
0.961990595611 0.003125
0.962411833856 0.003125
0.962764498433 0.003125
0.963107366771 0.003125
0.963469827586 0.003125
0.963714733542 0.003125
0.963989028213 0.003125
0.964331896552 0.003125
0.964586598746 0.003125
0.964851097179 0.003125
0.965193965517 0.003125
0.96539968652 0.003125
0.965762147335 0.003125
0.96601684953 0.003125
0.966300940439 0.003125
0.966526253918 0.003125
0.966839733542 0.003125
0.967114028213 0.003125
0.967339341693 0.003125
0.967652821317 0.003125
0.967936912226 0.003125
0.968279780564 0.003125
0.96852468652 0.003125
0.968808777429 0.0
0.969014498433 0.0
0.96924960815 0.0
0.969445532915 0.0
0.969710031348 0.0
0.970043103448 0.0
0.970278213166 0.0
0.970523119122 0.0
0.970748432602 0.0
0.970954153605 0.0
0.971238244514 0.0
0.971512539185 0.0
0.971835815047 0.0
0.972090517241 0.0
0.972413793103 0.0
0.97259992163 0.0
0.972864420063 0.0
0.973099529781 0.0
0.973226880878 0.0
0.973461990596 0.0
0.973677507837 0.0
0.97388322884 0.0
0.974118338558 0.0
0.974343652038 0.0
0.97460815047 0.0
0.974862852665 0.0
0.975068573668 0.0
0.975313479624 0.0
0.975519200627 0.0
0.975754310345 0.0
0.975930642633 0.0
0.976155956113 0.0
0.976351880878 0.0
0.976479231975 0.0
0.976684952978 0.0
0.976910266458 0.0
0.977125783699 0.0
0.977311912226 0.0
0.977439263323 0.0
0.977644984326 0.0
0.977801724138 0.0
0.977948667712 0.0
0.978173981191 0.0
0.978340517241 0.0
0.978507053292 0.0
0.978693181818 0.0
0.978947884013 0.0
0.97918299373 0.0
0.979378918495 0.0
0.97957484326 0.0
0.979790360502 0.0
0.980015673981 0.0
0.980270376176 0.0
0.980387931034 0.0
0.980534874608 0.0
0.980730799373 0.0
0.980936520376 0.0
0.981210815047 0.0
0.981396943574 0.0
0.981553683386 0.0
0.981700626959 0.0
0.981896551724 0.0
0.982102272727 0.0
0.98220023511 0.0
0.982376567398 0.0
0.982552899687 0.0
0.982797805643 0.0
0.982964341693 0.0
0.983179858934 0.0
0.983346394984 0.0
0.983542319749 0.0
0.983689263323 0.0
0.98381661442 0.0
0.983953761755 0.0
0.984159482759 0.0
0.984306426332 0.0
0.984521943574 0.0
0.984659090909 0.0
0.984776645768 0.0
0.98493338558 0.0
0.985031347962 0.0
0.985178291536 0.0
0.985354623824 0.0
0.985511363636 0.0
0.98565830721 0.0
0.98582484326 0.0
0.985932601881 0.0
0.986030564263 0.0
0.986157915361 0.0
0.986236285266 0.0
0.986393025078 0.0
0.98654976489 0.0
0.98660854232 0.0
0.986745689655 0.0
0.986873040752 0.0
0.987010188088 0.0
0.987215909091 0.0
0.987343260188 0.0
0.987470611285 0.0
0.987548981191 0.0
0.98766653605 0.0
0.987764498433 0.0
0.987862460815 0.0
0.98799960815 0.0
0.988097570533 0.0
0.98822492163 0.0
0.98839145768 0.0
0.988440438871 0.0
0.988538401254 0.0
0.988606974922 0.0
0.988646159875 0.0
0.988724529781 0.0
0.988793103448 0.0
0.988900862069 0.0
0.989038009404 0.0
0.989126175549 0.0
0.989253526646 0.0
0.989331896552 0.0
0.989420062696 0.0
0.98950822884 0.0
0.989645376176 0.0
0.989713949843 0.0
0.989743338558 0.0
0.989811912226 0.0
0.989831504702 0.0
0.989909874608 0.0
0.990027429467 0.0
0.990174373041 0.0
0.990262539185 0.0
0.990321316614 0.0
0.990419278997 0.0
0.99045846395 0.0
0.990497648903 0.0
0.990576018809 0.0
0.990722962382 0.0
0.990811128527 0.0
0.990869905956 0.0
0.990948275862 0.0
0.991046238245 0.0
0.991095219436 0.0
0.991163793103 0.0
0.991271551724 0.0
0.991310736677 0.0
0.99134992163 0.0
0.991457680251 0.0
0.99157523511 0.0
0.991614420063 0.0
0.991653605016 0.0
0.991731974922 0.0
0.991820141066 0.0
0.991878918495 0.0
0.991937695925 0.0
0.991996473354 0.0
0.992065047022 0.0
0.992163009404 0.0
0.992221786834 0.0
0.992270768025 0.0
0.99230015674 0.0
0.992407915361 0.0
0.992437304075 0.0
0.992476489028 0.0
0.992525470219 0.0
0.992594043887 0.0
0.992662617555 0.0
0.992711598746 0.0
0.992770376176 0.0
0.992838949843 0.0
0.992946708464 0.0
0.99302507837 0.0
0.993044670846 0.0
0.993123040752 0.0
0.993172021944 0.0
0.993211206897 0.0
0.993240595611 0.0
0.993289576803 0.0
0.993318965517 0.0
0.993397335423 0.0
0.993426724138 0.0
0.993465909091 0.0
0.99352468652 0.0
0.993573667712 0.0
0.993612852665 0.0
0.993632445141 0.0
0.993661833856 0.0
0.993710815047 0.0
0.993779388715 0.0
0.993828369906 0.0
0.993847962382 0.0
0.993896943574 0.0
0.993955721003 0.0
0.994014498433 0.0
0.994043887147 0.0
0.994073275862 0.0
0.994122257053 0.0
0.994151645768 0.0
0.994171238245 0.0
0.994210423197 0.0
0.994259404389 0.0
0.99430838558 0.0
0.994327978056 0.0
0.994327978056 0.0
0.994376959248 0.0
0.994416144201 0.0
0.994465125392 0.0
0.994494514107 0.0
0.994563087774 0.0
0.994602272727 0.0
0.994651253918 0.0
0.994690438871 0.0
0.994749216301 0.0
0.994788401254 0.0
0.994837382445 0.0
0.994905956113 0.0
0.994974529781 0.0
0.994984326019 0.0
0.995043103448 0.0
0.995062695925 0.0
0.995072492163 0.0
0.995121473354 0.0
0.995180250784 0.0
0.995239028213 0.0
0.995278213166 0.0
0.995317398119 0.0
0.995356583072 0.0
0.995385971787 0.0
0.995415360502 0.0
0.995464341693 0.0
0.995503526646 0.0
0.995513322884 0.0
0.99553291536 0.0
0.995552507837 0.0
0.995601489028 0.0
0.995630877743 0.0
0.995650470219 0.0
0.995689655172 0.0
0.995709247649 0.0
0.995709247649 0.0
0.995738636364 0.0
0.995777821317 0.0
0.995856191223 0.0
0.995875783699 0.0
0.995895376176 0.0
0.995895376176 0.0
0.995914968652 0.0
0.995934561129 0.0
0.995954153605 0.0
0.995973746082 0.0
0.996003134796 0.0
0.996012931034 0.0
0.996032523511 0.0
0.996052115987 0.0
0.996052115987 0.0
0.996071708464 0.0
0.996101097179 0.0
0.996140282132 0.0
0.996189263323 0.0
0.996218652038 0.0
0.996228448276 0.0
0.996248040752 0.0
0.996297021944 0.0
0.996336206897 0.0
0.996336206897 0.0
0.996385188088 0.0
0.996404780564 0.0
0.996424373041 0.0
0.996424373041 0.0
0.996453761755 0.0
0.996473354232 0.0
0.99648315047 0.0
0.996512539185 0.0
0.996522335423 0.0
0.996551724138 0.0
0.996610501567 0.0
0.996659482759 0.0
0.996679075235 0.0
0.996698667712 0.0
0.99670846395 0.0
0.996737852665 0.0
0.996757445141 0.0
0.996767241379 0.0
0.996767241379 0.0
0.996777037618 0.0
0.996796630094 0.0
