0.00010775862069 0.998108464616
0.00010775862069 0.997674625136
0.000215517241379 0.997674625136
0.000215517241379 0.997674625136
0.000215517241379 0.997674625136
0.000323275862069 0.996898319904
0.000538793103448 0.996898319904
0.000646551724138 0.995345709438
0.000754310344828 0.995345709438
0.000862068965517 0.994044191
0.0010775862069 0.993188904734
0.00118534482759 0.991125258355
0.00118534482759 0.988627772498
0.00118534482759 0.987075162032
0.00140086206897 0.983969941101
0.00140086206897 0.983193635868
0.00150862068966 0.982074864882
0.00161637931034 0.979589771717
0.0020474137931 0.976832341974
0.00215517241379 0.971489593482
0.00247844827586 0.968214017792
0.00258620689655 0.965531999882
0.00269396551724 0.960034815746
0.00301724137931 0.956257056001
0.003125 0.949474286954
0.00377155172414 0.945006284679
0.00431034482759 0.937104773012
0.00452586206897 0.933156658507
0.00474137931034 0.924566660545
0.00538793103448 0.918807776289
0.00592672413793 0.910216022092
0.00635775862069 0.902404071185
0.00646551724138 0.892885116946
0.00700431034483 0.881774603976
0.00765086206897 0.873535923625
0.00797413793103 0.862789120958
0.0082974137931 0.850772680862
0.00862068965517 0.837625091499
0.00905172413793 0.824229936531
0.0100215517241 0.814610756708
0.0106681034483 0.800346180959
0.011099137931 0.787289922544
0.0121767241379 0.773116649377
0.0128232758621 0.75585415995
0.0130387931034 0.743143908123
0.0135775862069 0.728645887331
0.0146551724138 0.711295508281
0.0149784482759 0.697556074594
0.0157327586207 0.675221388653
0.0160567357319 0.658961482736
0.0161644943526 0.641800946761
0.0170044211358 0.625750287137
0.0177587314806 0.608155883318
0.0184908996431 0.591077897578
0.0193529686086 0.574238568394
0.01956848585 0.563268957142
0.0201072789535 0.548848132783
0.0206460720569 0.535858505487
0.0214003824017 0.521435967671
0.0222624513673 0.512080300934
0.02269348585 0.499365786846
0.0229946195297 0.48859422716
0.0239423049336 0.476658495966
0.0244589558547 0.46657817084
0.025815533559 0.453765908829
0.0266776025245 0.439928076937
0.027409770687 0.428229331621
0.0281640810319 0.417573166842
0.0285729733323 0.407165289094
0.0297140337952 0.399423467362
0.0307473356374 0.391852327727
0.0313717451792 0.385058950588
0.0318890973495 0.375769107988
0.0329666835564 0.367082410864
0.0336117947048 0.358709853275
0.0346672387294 0.350195295511
0.0356149241333 0.344693849115
0.0364769930988 0.337811167408
0.0374246785027 0.332385897048
0.0383706682317 0.326093968126
0.0392105950149 0.320675765024
0.0404151297338 0.312577627583
0.0408240220343 0.306804566034
0.0413185307731 0.301560258526
0.0421141731916 0.296224577292
0.0428670429607 0.292259807834
0.0438969534533 0.289239913768
0.045016572983 0.285350556142
0.0458535474752 0.28112153776
0.0469501396139 0.277860139362
0.0481753759395 0.272778355152
0.0493813131567 0.269941944376
0.0500913391369 0.265283391553
0.0509091237377 0.25846686132
0.0515542348862 0.25382070119
0.0519203545372 0.24976809884
0.0528442020839 0.247440939376
0.0534021850787 0.245722563748
0.0543247760093 0.238744981893
0.0551631529998 0.235633714101
0.0560229709235 0.231325714685
0.0566030961006 0.229605554457
0.0577210199556 0.227536145776
0.0584915679008 0.223218274106
0.0590052665309 0.220457887057
0.0604887546698 0.217615713978
0.0615602523352 0.213485179357
0.0627619059027 0.210471631123
0.0634689795919 0.209438187001
0.0642203376458 0.206855957807
0.0650365724539 0.203142564935
0.0660034096718 0.200976172534
0.0674430595961 0.198036279898
0.0681520911506 0.195875497491
0.0690319094318 0.193036129408
0.070148838861 0.191311991477
0.0709237415955 0.188643998551
0.0717836306588 0.188212964068
0.0733934442915 0.18648602114
0.0746796487322 0.184759078213
0.0760539447661 0.183032135285
0.0771052581145 0.179846476056
0.0790579765594 0.177606712616
0.0805373720995 0.175103464455
0.0819292004274 0.173636180854
0.083428787376 0.17156957717
0.085192121235 0.169931202972
0.0861791498613 0.168292828773
0.0871657323374 0.165535246721
0.0886251275201 0.164670372759
0.0894395919109 0.163203089158
0.090726058542 0.161045111748
0.0916077254716 0.160614077265
0.0925293219765 0.158025065372
0.0934930681126 0.156298122444
0.0945652670271 0.155430443485
0.0962580450752 0.153706305554
0.0969057061211 0.152672861433
0.0981286984963 0.15224182695
0.0990072672527 0.150517689019
0.10061601532 0.148362516605
0.102334734973 0.146295912921
0.103856974302 0.144140740507
0.10449887806 0.142847637059
0.106302584042 0.141985568093
0.107825269521 0.138965521717
0.108680994846 0.136376509824
0.109174509159 0.135083406376
0.110424144388 0.134652371893
0.112187478247 0.13206336
0.113776477453 0.130339222069
0.114999469828 0.128272618384
0.116310992855 0.127410549419
0.117770905328 0.125515036332
0.120068125622 0.12206676047
0.122472913486 0.121635725987
0.123288270177 0.120339817542
0.125068251122 0.117753610646
0.126205882157 0.114302529787
0.127496328567 0.112578391856
0.128502656302 0.10999218496
0.130002059291 0.108699081511
0.131806657572 0.107834207549
0.13365048418 0.107403173066
0.135267641558 0.10481696617
0.13679759604 0.104385931687
0.137959837322 0.103092828239
0.139293318572 0.100506621342
0.141738050194 0.0984400176577
0.144013945864 0.0972354829388
0.145541057272 0.0942182415595
0.147130693679 0.0929251381112
0.148290027839 0.0912010001802
0.150181308124 0.0868906553526
0.151042344586 0.0847354829388
0.152287550283 0.0834423794905
0.153922420312 0.0821492760422
0.155258298486 0.0812872070767
0.15680269418 0.0781881796673
0.157943430481 0.0760330072535
0.158652979325 0.0756019727708
0.160287665394 0.0747399038053
0.161926518804 0.073446800357
0.163668963494 0.0725847313915
0.164785525004 0.0708605934604
0.166462098514 0.0696560587415
0.16719404464 0.0675008863277
0.167775388356 0.0653429089173
0.169213785152 0.0644808399518
0.170876993709 0.062325667538
0.172424296526 0.0618946330552
0.173799920315 0.0606015296069
0.175326776624 0.0601704951242
0.176232168591 0.0593084261587
0.178039337062 0.0567222192621
0.179583102646 0.0554291158138
0.180469825614 0.0537049778828
0.181438882888 0.0532739434
0.182854627304 0.0528429089173
0.184211826499 0.051549805469
0.184921821494 0.049825667538
0.186320472674 0.0493946330552
0.187159547311 0.0476704951242
0.189014881402 0.0463773916759
0.191339735373 0.0459463571931
0.192543680136 0.0446532537449
0.194023780414 0.0437911847793
0.194841789128 0.0420670468483
0.196114703244 0.0412049778828
0.196826649012 0.0407739434
0.198332173604 0.0395694086811
0.198870043422 0.0387045347189
0.199966859674 0.0378424657534
0.2008301091 0.0374114312707
0.201692657278 0.0356872933396
0.203154891932 0.0352562588569
0.204876635015 0.0343941898914
0.206556561797 0.0335321209258
0.207052289075 0.0326700519603
0.208341595177 0.031376948512
0.20946080871 0.0309459140293
0.211548997683 0.0287907416155
0.212409148937 0.0283597071327
0.214190454033 0.02792867265
0.214834131698 0.02792867265
0.216059592136 0.0270666036845
0.217095140005 0.0257735002362
0.217977433441 0.0253424657534
0.219834088197 0.0249114312707
0.22092957309 0.0223252243741
0.222438450955 0.0210321209258
0.22373040908 0.0210321209258
0.224803496692 0.0197390174776
0.226009392228 0.0197390174776
0.226914082946 0.0197390174776
0.228419232528 0.0197390174776
0.229107704755 0.0197390174776
0.230203118509 0.0184459140293
0.232030103377 0.0175838450638
0.233039900692 0.017152810581
0.234032604772 0.017152810581
0.234784041057 0.0167217760983
0.235814539979 0.0158597071327
0.236719230696 0.01542867265
0.238135665667 0.0149976381672
0.238781294105 0.0149976381672
0.239382829229 0.0141355692017
0.241060652264 0.0137045347189
0.242544654089 0.0137045347189
0.24417730755 0.0132735002362
0.245361882065 0.0124114312707
0.247493098787 0.0119803967879
0.248914886575 0.0119803967879
0.250398715136 0.0119803967879
0.251538994592 0.0115493623051
0.253946111729 0.0111183278224
0.255086766195 0.0111183278224
0.256785736986 0.0106872933396
0.25837997619 0.00982522437411
0.259455014576 0.00982522437411
0.261088999396 0.00948275862069
0.262981791396 0.00948275862069
0.264593378935 0.00948275862069
0.266229314529 0.00948275862069
0.267088509434 0.00905172413793
0.268724271763 0.00905172413793
0.269884671488 0.00905172413793
0.271481116565 0.00862068965517
0.27279204756 0.00862068965517
0.2747085682 0.00818965517241
0.276044701473 0.00818965517241
0.277270717279 0.00775862068966
0.278689031884 0.00775862068966
0.279568673297 0.00775862068966
0.28092251922 0.00775862068966
0.282642120479 0.00775862068966
0.284172694376 0.0073275862069
0.285828304088 0.00646551724138
0.287509034245 0.00603448275862
0.289269821695 0.00603448275862
0.290821390375 0.00560344827586
0.292435803202 0.00474137931034
0.294200318935 0.00387931034483
0.296026347455 0.00387931034483
0.29779421646 0.00387931034483
0.298224957766 0.00387931034483
0.299042265231 0.00387931034483
0.300031871137 0.00387931034483
0.301857899658 0.00387931034483
0.302955264185 0.00387931034483
0.304783771463 0.00387931034483
0.306271430432 0.00387931034483
0.308074806572 0.00387931034483
0.309021639829 0.00344827586207
0.310611824512 0.00301724137931
0.31192246233 0.00301724137931
0.313431970305 0.00301724137931
0.314550737688 0.00301724137931
0.315863690596 0.00301724137931
0.317089260252 0.00215517241379
0.319733661802 0.00215517241379
0.320934437252 0.00215517241379
0.323342630649 0.00215517241379
0.324781391761 0.00129310344828
0.325982684501 0.00129310344828
0.328109043326 0.00129310344828
0.329591278338 0.00129310344828
0.331613160675 0.00129310344828
0.332860763296 0.000862068965517
0.335633553934 0.000862068965517
0.337481979735 0.000862068965517
0.339265164467 0.000862068965517
0.340744747455 0.000862068965517
0.342553986611 0.000862068965517
0.344491382123 0.000862068965517
0.345757844794 0.000862068965517
0.347064172991 0.000862068965517
0.349383276766 0.000862068965517
0.351749136572 0.000862068965517
0.353490505002 0.000862068965517
0.355016029952 0.000862068965517
0.356840107699 0.000862068965517
0.358862354352 0.000862068965517
0.360664664927 0.000862068965517
0.36210855682 0.000862068965517
0.363421775522 0.000862068965517
0.364992278995 0.000862068965517
0.366518727231 0.000862068965517
0.369330644069 0.000862068965517
0.370385937197 0.000431034482759
0.371996632435 0.000431034482759
0.374237831436 0.000431034482759
0.376301856313 0.000431034482759
0.377936280192 0.000431034482759
0.379632336769 0.000431034482759
0.381311491163 0.000431034482759
0.384042585411 0.000431034482759
0.385933419546 0.000431034482759
0.387441851261 0.0
0.389096020398 0.0
0.391697762119 0.0
0.393781086104 0.0
0.395323378051 0.0
0.397385554279 0.0
0.399705288164 0.0
0.401985715491 0.0
0.40336152324 0.0
0.405150277811 0.0
0.407474066217 0.0
0.410159881675 0.0
0.41174951099 0.0
0.414240477752 0.0
0.417061051909 0.0
0.420065132359 0.0
0.422687759646 0.0
0.424150688457 0.0
0.426704244266 0.0
0.429629223771 0.0
0.432229899927 0.0
0.434096743231 0.0
0.436032818079 0.0
0.438327311608 0.0
0.44043241346 0.0
0.441938894401 0.0
0.44374765642 0.0
0.445681964454 0.0
0.44897144977 0.0
0.45109674303 0.0
0.452256332288 0.0
0.454257321968 0.0
0.456431311339 0.0
0.458344287656 0.0
0.46066427664 0.0
0.462920529177 0.0
0.465264175661 0.0
0.468357633894 0.0
0.470182851948 0.0
0.472504019317 0.0
0.4741142791 0.0
0.476645876685 0.0
0.479202523575 0.0
0.481499962304 0.0
0.484440778429 0.0
0.486310400759 0.0
0.488419220199 0.0
0.491171200013 0.0
0.493380516162 0.0
0.495165287351 0.0
0.497248979256 0.0
0.499310089919 0.0
0.502210349962 0.0
0.504494831811 0.0
0.507182891219 0.0
0.509438442507 0.0
0.511223659846 0.0
0.513267309355 0.0
0.515739041056 0.0
0.519350024725 0.0
0.52177599482 0.0
0.524334599576 0.0
0.526480441469 0.0
0.528054053809 0.0
0.531283456218 0.0
0.534124525655 0.0
0.536572018517 0.0
0.538698918527 0.0
0.54172989693 0.0
0.544522507569 0.0
0.546628858945 0.0
0.548415325809 0.0
0.550816179063 0.0
0.553798447173 0.0
0.556657821292 0.0
0.558720627631 0.0
0.560953781637 0.0
0.563359833209 0.0
0.566088452302 0.0
0.568795559323 0.0
0.571458644169 0.0
0.573865611936 0.0
0.576253606833 0.0
0.579199152757 0.0
0.581389169798 0.0
0.583715021797 0.0
0.58558460605 0.0
0.588956538492 0.0
0.591772360481 0.0
0.594909432816 0.0
0.596819055861 0.0
0.599187050401 0.0
0.600305746645 0.0
0.602949521688 0.0
0.604581728999 0.0
0.606084339378 0.0
0.608557256556 0.0
0.61102822296 0.0
0.613542472211 0.0
0.616962155109 0.0
0.618441557741 0.0
0.621449055511 0.0
0.624375730692 0.0
0.62630742478 0.0
0.62916502139 0.0
0.630367128199 0.0
0.631959600589 0.0
0.633762095123 0.0
0.636599174086 0.0
0.638791404091 0.0
0.641052596358 0.0
0.64333088186 0.0
0.645243970998 0.0
0.64689752072 0.0
0.648981028664 0.0
0.650483639044 0.0
0.652567664278 0.0
0.654219811502 0.0
0.656457721278 0.0
0.658547616621 0.0
0.660846457847 0.0
0.662244336639 0.0
0.663443416415 0.0
0.665232209063 0.0
0.666478855336 0.0
0.668417875383 0.0
0.670050832716 0.0
0.671668545461 0.0
0.673844860616 0.0
0.6750054443 0.0
0.677052124446 0.0
0.679351149632 0.0
0.681180906435 0.0
0.683179053041 0.0
0.684877510146 0.0
0.687027774479 0.0
0.689156635957 0.0
0.691200143187 0.0
0.692619462912 0.0
0.69433898594 0.0
0.696966488909 0.0
0.698708600269 0.0
0.70010603291 0.0
0.701524613309 0.0
0.702621531686 0.0
0.703973348605 0.0
0.705175009264 0.0
0.70601419672 0.0
0.708167859495 0.0
0.709695519179 0.0
0.71046784103 0.0
0.711846413622 0.0
0.713139185816 0.0
0.713914350741 0.0
0.715400640274 0.0
0.716822165872 0.0
0.718475817719 0.0
0.719915392901 0.0
0.722115181597 0.0
0.72407686472 0.0
0.72571590209 0.0
0.727222605068 0.0
0.728403819219 0.0
0.730320077669 0.0
0.731417888347 0.0
0.732625299202 0.0
0.734087972914 0.0
0.735420936875 0.0
0.737316677678 0.0
0.739254012745 0.0
0.740248119323 0.0
0.741300498236 0.0
0.742700327802 0.0
0.74423075942 0.0
0.746296337693 0.0
0.74823605899 0.0
0.749269584945 0.0
0.749787638365 0.0
0.751292829627 0.0
0.752240739144 0.0
0.753703341717 0.0
0.755902684263 0.0
0.75685077774 0.0
0.758014643557 0.0
0.759390189116 0.0
0.760354929677 0.0
0.761496214253 0.0
0.762208343981 0.0
0.763349883656 0.0
0.765152626198 0.0
0.767215878686 0.0
0.76842399079 0.0
0.769436514871 0.0
0.77111390245 0.0
0.771694728877 0.0
0.77240401553 0.0
0.773242947888 0.0
0.774598347207 0.0
0.775415137382 0.0
0.776556421958 0.0
0.777052333195 0.0
0.777937207515 0.0
0.77871237244 0.0
0.779958756522 0.0
0.781533618387 0.0
0.782459569681 0.0
0.783493980845 0.0
0.784721246175 0.0
0.78536492384 0.0
0.786700029625 0.0
0.78758269098 0.0
0.789499943856 0.0
0.790036485917 0.0
0.790598084375 0.0
0.791741210508 0.0
0.792409165088 0.0
0.793465017185 0.0
0.794646047377 0.0
0.795809729234 0.0
0.79628279704 0.0
0.797938590712 0.0
0.798908380221 0.0
0.799987330849 0.0
0.800673518972 0.0
0.801900603946 0.0
0.802721193543 0.0
0.803689988626 0.0
0.804123126856 0.0
0.804573351231 0.0
0.805199163271 0.0
0.80608403759 0.0
0.807179635303 0.0
0.808492152756 0.0
0.809225723417 0.0
0.809439544983 0.0
0.810063661349 0.0
0.810884250946 0.0
0.81174503231 0.0
0.812564219409 0.0
0.813296795644 0.0
0.81409435785 0.0
0.814481809218 0.0
0.81586019785 0.0
0.816549300187 0.0
0.817216260341 0.0
0.817904916528 0.0
0.818636090265 0.0
0.819174845291 0.0
0.819863430338 0.0
0.821111956245 0.0
0.821413089924 0.0
0.822081490654 0.0
0.822727303052 0.0
0.823649972213 0.0
0.824491008318 0.0
0.825243067621 0.0
0.825654063669 0.0
0.826297663103 0.0
0.826898234787 0.0
0.82780134265 0.0
0.828490628946 0.0
0.829526442608 0.0
0.830196245837 0.0
0.830603442462 0.0
0.831141942389 0.0
0.831745612247 0.0
0.832607388036 0.0
0.833663240133 0.0
0.834005266828 0.0
0.834563512013 0.0
0.835016395502 0.0
0.835639810618 0.0
0.836781095194 0.0
0.837516068353 0.0
0.837968505692 0.0
0.839172747234 0.0
0.84057276076 0.0
0.841112255112 0.0
0.841929855754 0.0
0.842402923559 0.0
0.842832963616 0.0
0.843670200299 0.0
0.843864276607 0.0
0.844401374036 0.0
0.845113503763 0.0
0.845412941768 0.0
0.846426021216 0.0
0.847051833256 0.0
0.847694993631 0.0
0.848275820057 0.0
0.848748887863 0.0
0.849267642531 0.0
0.849568776211 0.0
0.84997907101 0.0
0.850516168438 0.0
0.851488507845 0.0
0.852348587959 0.0
0.853253207537 0.0
0.853985082523 0.0
0.854264775269 0.0
0.854822319206 0.0
0.855426690313 0.0
0.85603036017 0.0
0.85659055613 0.0
0.857213971246 0.0
0.857710583732 0.0
0.858529770831 0.0
0.85898265432 0.0
0.859930747796 0.0
0.860146966287 0.0
0.860920282563 0.0
0.861393350369 0.0
0.861865979116 0.0
0.861951595554 0.0
0.862447506791 0.0
0.862966962709 0.0
0.863354414076 0.0
0.863872467496 0.0
0.865039176387 0.0
0.865835782245 0.0
0.866675415852 0.0
0.867276943885 0.0
0.867556636631 0.0
0.86822573861 0.0
0.868548020047 0.0
0.869000903535 0.0
0.870143883786 0.0
0.870744271511 0.0
0.871174311568 0.0
0.871819868867 0.0
0.872315780104 0.0
0.872531998595 0.0
0.872875720964 0.0
0.873522680761 0.0
0.873931573061 0.0
0.874341166611 0.0
0.874535242919 0.0
0.87584916287 0.0
0.876475676159 0.0
0.876885269709 0.0
0.877271835868 0.0
0.877682130666 0.0
0.878479175583 0.0
0.879471699306 0.0
0.880443337464 0.0
0.880981837391 0.0
0.881175913699 0.0
0.881928235192 0.0
0.882121610251 0.0
0.882509061619 0.0
0.883109633303 0.0
0.883435012913 0.0
0.884125000458 0.0
0.885007477854 0.0
0.88543821916 0.0
0.88584781271 0.0
0.886192236328 0.0
0.886599432954 0.0
0.886986884321 0.0
0.887375036938 0.0
0.888041550942 0.0
0.888557908686 0.0
0.888794573684 0.0
0.889333774861 0.0
0.889635609789 0.0
0.890173408467 0.0
0.890389626958 0.0
0.890798519258 0.0
0.891163127194 0.0
0.891766797052 0.0
0.892261305791 0.0
0.89236976566 0.0
0.893229845775 0.0
0.894024755958 0.0
0.894474980332 0.0
0.895098395448 0.0
0.895633797202 0.0
0.89617159588 0.0
0.896364970939 0.0
0.896792614072 0.0
0.897416029188 0.0
0.897976225147 0.0
0.898255917894 0.0
0.89857819933 0.0
0.899159025757 0.0
0.899502748126 0.0
0.899611207996 0.0
0.900063645335 0.0
0.900387622446 0.0
0.900387622446 0.0
0.900732747314 0.0
0.901593266487 0.0
0.902112021155 0.0
0.90247733034 0.0
0.902887625139 0.0
0.902996085009 0.0
0.903620201374 0.0
0.903922737552 0.0
0.904139657292 0.0
0.904807502655 0.0
0.905409476838 0.0
0.905859701212 0.0
0.906309486527 0.0
0.906738825335 0.0
0.907234035323 0.0
0.907535870252 0.0
0.907835308257 0.0
0.908458022124 0.0
0.908759857053 0.0
0.909253371366 0.0
0.909727140421 0.0
0.910069606174 0.0
0.91065113385 0.0
0.910974409712 0.0
0.911515306563 0.0
0.911859028932 0.0
0.912417011927 0.0
0.912999240852 0.0
0.913427323043 0.0
0.913814774411 0.0
0.914309984399 0.0
0.914566833714 0.0
0.914908860408 0.0
0.915102235467 0.0
0.915575303273 0.0
0.91619801714 0.0
0.916691531453 0.0
0.917204791025 0.0
0.917290407463 0.0
0.917677157581 0.0
0.917677157581 0.0
0.91834625956 0.0
0.919012001176 0.0
0.919784506986 0.0
0.920320347799 0.0
0.920729941348 0.0
0.921546176156 0.0
0.922212619021 0.0
0.922620516896 0.0
0.923222491079 0.0
0.923393723956 0.0
0.923909380451 0.0
0.924593872899 0.0
0.924981324266 0.0
0.925431548641 0.0
0.925945247271 0.0
0.926139323579 0.0
0.926567405771 0.0
0.92731706815 0.0
0.927596760896 0.0
0.927853610211 0.0
0.928369266707 0.0
0.929207643697 0.0
0.92985124313 0.0
0.930450558199 0.0
0.93122236276 0.0
0.931632657559 0.0
0.932447489869 0.0
0.933219995679 0.0
0.933521830608 0.0
0.933929027234 0.0
0.934208719981 0.0
0.935220549904 0.0
0.936080367827 0.0
0.936636655147 0.0
0.936936093152 0.0
0.937584748624 0.0
0.938853165671 0.0
0.939520309785 0.0
0.940101136212 0.0
0.940402269891 0.0
0.940958557211 0.0
0.941687773083 0.0
0.942569440012 0.0
0.943105280825 0.0
0.943791468948 0.0
0.945042098602 0.0
0.945836746595 0.0
0.946440416453 0.0
0.947129702749 0.0
0.947432238927 0.0
0.947842533726 0.0
0.948528721849 0.0
0.949757209321 0.0
0.951028724542 0.0
0.952082880964 0.0
0.952362573711 0.0
0.95270629608 0.0
0.953242838142 0.0
0.954018442126 0.0
0.954663444057 0.0
0.954920293372 0.0
0.955844286801 0.0
0.956812564595 0.0
0.957542481715 0.0
0.9579077909 0.0
0.958443631713 0.0
0.958959288208 0.0
0.959369583007 0.0
0.95997155719 0.0
0.960444624996 0.0
0.960638701304 0.0
0.961323632811 0.0
0.961688240746 0.0
0.962484291238 0.0
0.96334551166 0.0
0.963904195904 0.0
0.964785862833 0.0
0.965042712148 0.0
0.965601396392 0.0
0.966183625317 0.0
0.966847671257 0.0
0.967064590997 0.0
0.967774323801 0.0
0.968375596735 0.0
0.968655289481 0.0
0.969471524289 0.0
0.969967435526 0.0
0.970075194147 0.0
0.970829912565 0.0
0.971650502162 0.0
0.972037953529 0.0
0.972466035721 0.0
0.972959103884 0.0
0.97347476038 0.0
0.973839368315 0.0
0.974250364363 0.0
0.975048110529 0.0
0.975412718465 0.0
0.97599424614 0.0
0.976381697508 0.0
0.977008210797 0.0
0.977743183956 0.0
0.977914416833 0.0
0.978387484638 0.0
0.978604404378 0.0
0.979489169481 0.0
0.979768160978 0.0
0.979961536037 0.0
0.980411760411 0.0
0.98060583672 0.0
0.980691453158 0.0
0.980971145905 0.0
0.98155267358 0.0
0.981917281516 0.0
0.982304732883 0.0
0.982413192753 0.0
0.983060407649 0.0
0.983858153815 0.0
0.984029386691 0.0
0.984611615616 0.0
0.98517029986 0.0
0.985512765613 0.0
0.985814600542 0.0
0.986179909727 0.0
0.986738593971 0.0
0.986932670279 0.0
0.987235206457 0.0
0.987731117695 0.0
0.988182043318 0.0
0.988484579496 0.0
0.988678655804 0.0
0.988958348551 0.0
0.989152424859 0.0
0.989346501167 0.0
0.989757497215 0.0
0.99016539509 0.0
0.990553547706 0.0
0.990770467446 0.0
0.990964543754 0.0
0.990964543754 0.0
0.991244236501 0.0
0.99146115624 0.0
0.99189499572 0.0
0.99189499572 0.0
0.992562841083 0.0
0.992973837131 0.0
0.993145070007 0.0
0.993664525925 0.0
0.993858602233 0.0
0.993967062103 0.0
0.994075521973 0.0
0.994161138411 0.0
0.994355214719 0.0
0.994572134459 0.0
0.994680594329 0.0
0.994766210767 0.0
0.994894415896 0.0
0.995174108642 0.0
0.995345341519 0.0
0.995453801389 0.0
0.995562261259 0.0
0.995647877697 0.0
0.995647877697 0.0
0.995733494135 0.0
0.995733494135 0.0
0.995733494135 0.0
0.995819110574 0.0
0.99609880332 0.0
0.9965326428 0.0
0.997051397468 0.0
0.997137013907 0.0
0.997222630345 0.0
0.997222630345 0.0
0.997439550085 0.0
0.997525166523 0.0
0.997633626393 0.0
0.997742086263 0.0
0.997827702701 0.0
0.997936162571 0.0
0.997936162571 0.0
0.997936162571 0.0
0.997936162571 0.0
0.998021779009 0.0
0.998107395448 0.0
0.998193011886 0.0
0.998193011886 0.0
0.998193011886 0.0
0.998321217014 0.0
0.998515293322 0.0
0.998515293322 0.0
0.998623753192 0.0
0.998623753192 0.0
0.998709369631 0.0
0.998709369631 0.0
0.9988178295 0.0
0.9988178295 0.0
0.9988178295 0.0
0.9988178295 0.0
0.9988178295 0.0
0.9988178295 0.0
0.9988178295 0.0
0.9988178295 0.0
0.998903445939 0.0
0.998903445939 0.0
0.998903445939 0.0
0.998903445939 0.0
0.998903445939 0.0
0.998903445939 0.0
0.998903445939 0.0
0.998903445939 0.0
0.998989062377 0.0
0.998989062377 0.0
0.998989062377 0.0
0.998989062377 0.0
0.998989062377 0.0
0.999097522247 0.0
0.999097522247 0.0
0.999097522247 0.0
0.999097522247 0.0
0.999248124657 0.0
0.999248124657 0.0
0.999248124657 0.0
0.999248124657 0.0
0.999248124657 0.0
0.999248124657 0.0
0.999248124657 0.0
0.999248124657 0.0
0.999248124657 0.0
0.999333741095 0.0
0.999419357533 0.0
0.999419357533 0.0
