0.0 0.8
0.0 0.8
0.0 0.8
0.0 0.78
0.0 0.76
0.0 0.76
0.0 0.72
0.0 0.72
0.0 0.68
0.0 0.66
0.0 0.64
0.0 0.64
0.0 0.64
0.0 0.62
0.0 0.6
0.0 0.56
0.0 0.5
0.0 0.46
0.0 0.46
0.0 0.46
0.0 0.46
0.0 0.42
0.0 0.36
0.0 0.34
0.0 0.32
0.0 0.3
0.0 0.3
0.0 0.26
0.0 0.24
0.0 0.24
0.0 0.24
0.0 0.24
0.0 0.24
0.0 0.18
0.00222222222222 0.12
0.00222222222222 0.12
0.00222222222222 0.1
0.00222222222222 0.08
0.00222222222222 0.06
0.00222222222222 0.04
0.00222222222222 0.04
0.00444444444444 0.02
0.00444444444444 0.02
0.00444444444444 0.02
0.00444444444444 0.02
0.00444444444444 0.02
0.0111111111111 0.02
0.0111111111111 0.02
0.0111111111111 0.02
0.0133333333333 0.02
0.0155555555556 0.02
0.0177777777778 0.0
0.0177777777778 0.0
0.0177777777778 0.0
0.0177777777778 0.0
0.0222222222222 0.0
0.0222222222222 0.0
0.0244444444444 0.0
0.0266666666667 0.0
0.0311111111111 0.0
0.0333333333333 0.0
0.0355555555556 0.0
0.0355555555556 0.0
0.0355555555556 0.0
0.0355555555556 0.0
0.0355555555556 0.0
0.0377777777778 0.0
0.0377777777778 0.0
0.0377777777778 0.0
0.0377777777778 0.0
0.0377777777778 0.0
0.0377777777778 0.0
0.0377777777778 0.0
0.04 0.0
0.04 0.0
0.0422222222222 0.0
0.0444444444444 0.0
0.0444444444444 0.0
0.0444444444444 0.0
0.0444444444444 0.0
0.0466666666667 0.0
0.0466666666667 0.0
0.0466666666667 0.0
0.0466666666667 0.0
0.0488888888889 0.0
0.0511111111111 0.0
0.0511111111111 0.0
0.0511111111111 0.0
0.0533333333333 0.0
0.06 0.0
0.06 0.0
0.0622222222222 0.0
0.0622222222222 0.0
0.0644444444444 0.0
0.0644444444444 0.0
0.0644444444444 0.0
0.0644444444444 0.0
0.0644444444444 0.0
0.0644444444444 0.0
0.0688888888889 0.0
0.0688888888889 0.0
0.0711111111111 0.0
0.0711111111111 0.0
0.0711111111111 0.0
0.0755555555556 0.0
0.0755555555556 0.0
0.0755555555556 0.0
0.0755555555556 0.0
0.0777777777778 0.0
0.0777777777778 0.0
0.0777777777778 0.0
0.0822222222222 0.0
0.0866666666667 0.0
0.0888888888889 0.0
0.0888888888889 0.0
0.0955555555556 0.0
0.0977777777778 0.0
0.1 0.0
0.1 0.0
0.104444444444 0.0
0.108888888889 0.0
0.113333333333 0.0
0.113333333333 0.0
0.115555555556 0.0
0.115555555556 0.0
0.115555555556 0.0
0.115555555556 0.0
0.115555555556 0.0
0.122222222222 0.0
0.122222222222 0.0
0.128888888889 0.0
0.131111111111 0.0
0.133333333333 0.0
0.135555555556 0.0
0.137777777778 0.0
0.14 0.0
0.14 0.0
0.144444444444 0.0
0.144444444444 0.0
0.146666666667 0.0
0.153333333333 0.0
0.155555555556 0.0
0.157777777778 0.0
0.157777777778 0.0
0.164444444444 0.0
0.164444444444 0.0
0.166666666667 0.0
0.166666666667 0.0
0.173333333333 0.0
0.175555555556 0.0
0.177777777778 0.0
0.177777777778 0.0
0.182222222222 0.0
0.182222222222 0.0
0.184444444444 0.0
0.184444444444 0.0
0.184444444444 0.0
0.186666666667 0.0
0.186666666667 0.0
0.188888888889 0.0
0.188888888889 0.0
0.193333333333 0.0
0.193333333333 0.0
0.193333333333 0.0
0.193333333333 0.0
0.195555555556 0.0
0.195555555556 0.0
0.197777777778 0.0
0.2 0.0
0.202222222222 0.0
0.208888888889 0.0
0.208888888889 0.0
0.208888888889 0.0
0.213333333333 0.0
0.215555555556 0.0
0.22 0.0
0.222222222222 0.0
0.226666666667 0.0
0.231111111111 0.0
0.235555555556 0.0
0.237777777778 0.0
0.24 0.0
0.244444444444 0.0
0.244444444444 0.0
0.248888888889 0.0
0.248888888889 0.0
0.251111111111 0.0
0.253333333333 0.0
0.253333333333 0.0
0.253333333333 0.0
0.253333333333 0.0
0.255555555556 0.0
0.255555555556 0.0
0.255555555556 0.0
0.255555555556 0.0
0.257777777778 0.0
0.257777777778 0.0
0.257777777778 0.0
0.266666666667 0.0
0.266666666667 0.0
0.266666666667 0.0
0.266666666667 0.0
0.268888888889 0.0
0.271111111111 0.0
0.271111111111 0.0
0.275555555556 0.0
0.28 0.0
0.284444444444 0.0
0.284444444444 0.0
0.286666666667 0.0
0.286666666667 0.0
0.288888888889 0.0
0.288888888889 0.0
0.288888888889 0.0
0.288888888889 0.0
0.291111111111 0.0
0.295555555556 0.0
0.295555555556 0.0
0.295555555556 0.0
0.295555555556 0.0
0.295555555556 0.0
0.3 0.0
0.3 0.0
0.302222222222 0.0
0.302222222222 0.0
0.302222222222 0.0
0.306666666667 0.0
0.306666666667 0.0
0.313333333333 0.0
0.317777777778 0.0
0.32 0.0
0.32 0.0
0.322222222222 0.0
0.322222222222 0.0
0.324444444444 0.0
0.328888888889 0.0
0.335555555556 0.0
0.34 0.0
0.342222222222 0.0
0.351111111111 0.0
0.351111111111 0.0
0.351111111111 0.0
0.351111111111 0.0
0.353333333333 0.0
0.355555555556 0.0
0.355555555556 0.0
0.355555555556 0.0
0.355555555556 0.0
0.355555555556 0.0
0.357777777778 0.0
0.357777777778 0.0
0.357777777778 0.0
0.364444444444 0.0
0.364444444444 0.0
0.368888888889 0.0
0.368888888889 0.0
0.371111111111 0.0
0.373333333333 0.0
0.373333333333 0.0
0.373333333333 0.0
0.373333333333 0.0
0.373333333333 0.0
0.373333333333 0.0
0.373333333333 0.0
0.373333333333 0.0
0.375555555556 0.0
0.377777777778 0.0
0.382222222222 0.0
0.382222222222 0.0
0.382222222222 0.0
0.382222222222 0.0
0.384444444444 0.0
0.386666666667 0.0
0.388888888889 0.0
0.388888888889 0.0
0.388888888889 0.0
0.393333333333 0.0
0.393333333333 0.0
0.4 0.0
0.402222222222 0.0
0.402222222222 0.0
0.402222222222 0.0
0.404444444444 0.0
0.404444444444 0.0
0.406666666667 0.0
0.406666666667 0.0
0.408888888889 0.0
0.408888888889 0.0
0.408888888889 0.0
0.415555555556 0.0
0.415555555556 0.0
0.417777777778 0.0
0.417777777778 0.0
0.42 0.0
0.42 0.0
0.422222222222 0.0
0.424444444444 0.0
0.424444444444 0.0
0.424444444444 0.0
0.431111111111 0.0
0.431111111111 0.0
0.431111111111 0.0
0.433333333333 0.0
0.433333333333 0.0
0.433333333333 0.0
0.44 0.0
0.44 0.0
0.442222222222 0.0
0.442222222222 0.0
0.442222222222 0.0
0.444444444444 0.0
0.446666666667 0.0
0.446666666667 0.0
0.448888888889 0.0
0.448888888889 0.0
0.451111111111 0.0
0.455555555556 0.0
0.457777777778 0.0
0.457777777778 0.0
0.457777777778 0.0
0.46 0.0
0.462222222222 0.0
0.462222222222 0.0
0.462222222222 0.0
0.466666666667 0.0
0.468888888889 0.0
0.468888888889 0.0
0.468888888889 0.0
0.473333333333 0.0
0.473333333333 0.0
0.473333333333 0.0
0.475555555556 0.0
0.48 0.0
0.48 0.0
0.48 0.0
0.48 0.0
0.48 0.0
0.48 0.0
0.48 0.0
0.48 0.0
0.48 0.0
0.48 0.0
0.484444444444 0.0
0.486666666667 0.0
0.486666666667 0.0
0.486666666667 0.0
0.488888888889 0.0
0.488888888889 0.0
0.488888888889 0.0
0.491111111111 0.0
0.491111111111 0.0
0.491111111111 0.0
0.493333333333 0.0
0.493333333333 0.0
0.493333333333 0.0
0.493333333333 0.0
0.493333333333 0.0
0.493333333333 0.0
0.493333333333 0.0
0.493333333333 0.0
0.493333333333 0.0
0.495555555556 0.0
0.497777777778 0.0
0.5 0.0
0.5 0.0
0.502222222222 0.0
0.502222222222 0.0
0.502222222222 0.0
0.502222222222 0.0
0.504444444444 0.0
0.504444444444 0.0
0.504444444444 0.0
0.504444444444 0.0
0.504444444444 0.0
0.506666666667 0.0
0.508888888889 0.0
0.511111111111 0.0
0.511111111111 0.0
0.511111111111 0.0
0.511111111111 0.0
0.515555555556 0.0
0.515555555556 0.0
0.515555555556 0.0
0.515555555556 0.0
0.515555555556 0.0
0.515555555556 0.0
0.515555555556 0.0
0.517777777778 0.0
0.52 0.0
0.52 0.0
0.522222222222 0.0
0.524444444444 0.0
0.526666666667 0.0
0.526666666667 0.0
0.526666666667 0.0
0.526666666667 0.0
0.526666666667 0.0
0.526666666667 0.0
0.526666666667 0.0
0.528888888889 0.0
0.533333333333 0.0
0.533333333333 0.0
0.535555555556 0.0
0.535555555556 0.0
0.535555555556 0.0
0.535555555556 0.0
0.537777777778 0.0
0.537777777778 0.0
0.537777777778 0.0
0.537777777778 0.0
0.54 0.0
0.54 0.0
0.54 0.0
0.542222222222 0.0
0.542222222222 0.0
0.542222222222 0.0
0.542222222222 0.0
0.542222222222 0.0
0.542222222222 0.0
0.544444444444 0.0
0.546666666667 0.0
0.546666666667 0.0
0.546666666667 0.0
0.546666666667 0.0
0.546666666667 0.0
0.551111111111 0.0
0.553333333333 0.0
0.557777777778 0.0
0.56 0.0
0.564444444444 0.0
0.564444444444 0.0
0.564444444444 0.0
0.564444444444 0.0
0.564444444444 0.0
0.564444444444 0.0
0.566666666667 0.0
0.566666666667 0.0
0.566666666667 0.0
0.566666666667 0.0
0.568888888889 0.0
0.571111111111 0.0
0.571111111111 0.0
0.573333333333 0.0
0.573333333333 0.0
0.573333333333 0.0
0.575555555556 0.0
0.577777777778 0.0
0.577777777778 0.0
0.58 0.0
0.582222222222 0.0
0.582222222222 0.0
0.584444444444 0.0
0.584444444444 0.0
0.584444444444 0.0
0.584444444444 0.0
0.584444444444 0.0
0.588888888889 0.0
0.588888888889 0.0
0.588888888889 0.0
0.591111111111 0.0
0.591111111111 0.0
0.593333333333 0.0
0.595555555556 0.0
0.597777777778 0.0
0.597777777778 0.0
0.597777777778 0.0
0.597777777778 0.0
0.602222222222 0.0
0.604444444444 0.0
0.604444444444 0.0
0.604444444444 0.0
0.604444444444 0.0
0.608888888889 0.0
0.608888888889 0.0
0.611111111111 0.0
0.613333333333 0.0
0.613333333333 0.0
0.613333333333 0.0
0.613333333333 0.0
0.613333333333 0.0
0.615555555556 0.0
0.615555555556 0.0
0.615555555556 0.0
0.62 0.0
0.62 0.0
0.62 0.0
0.624444444444 0.0
0.624444444444 0.0
0.624444444444 0.0
0.626666666667 0.0
0.626666666667 0.0
0.626666666667 0.0
0.628888888889 0.0
0.631111111111 0.0
0.631111111111 0.0
0.631111111111 0.0
0.631111111111 0.0
0.631111111111 0.0
0.631111111111 0.0
0.633333333333 0.0
0.635555555556 0.0
0.64 0.0
0.642222222222 0.0
0.644444444444 0.0
0.646666666667 0.0
0.646666666667 0.0
0.646666666667 0.0
0.651111111111 0.0
0.651111111111 0.0
0.653333333333 0.0
0.653333333333 0.0
0.653333333333 0.0
0.653333333333 0.0
0.653333333333 0.0
0.657777777778 0.0
0.66 0.0
0.66 0.0
0.662222222222 0.0
0.664444444444 0.0
0.664444444444 0.0
0.664444444444 0.0
0.664444444444 0.0
0.664444444444 0.0
0.664444444444 0.0
0.664444444444 0.0
0.664444444444 0.0
0.664444444444 0.0
0.664444444444 0.0
0.666666666667 0.0
0.666666666667 0.0
0.666666666667 0.0
0.668888888889 0.0
0.668888888889 0.0
0.668888888889 0.0
0.668888888889 0.0
0.668888888889 0.0
0.671111111111 0.0
0.671111111111 0.0
0.671111111111 0.0
0.671111111111 0.0
0.671111111111 0.0
0.671111111111 0.0
0.671111111111 0.0
0.673333333333 0.0
0.673333333333 0.0
0.673333333333 0.0
0.675555555556 0.0
0.682222222222 0.0
0.684444444444 0.0
0.684444444444 0.0
0.684444444444 0.0
0.684444444444 0.0
0.684444444444 0.0
0.686666666667 0.0
0.691111111111 0.0
0.691111111111 0.0
0.693333333333 0.0
0.697777777778 0.0
0.697777777778 0.0
0.702222222222 0.0
0.702222222222 0.0
0.702222222222 0.0
0.702222222222 0.0
0.702222222222 0.0
0.704444444444 0.0
0.704444444444 0.0
0.704444444444 0.0
0.704444444444 0.0
0.704444444444 0.0
0.706666666667 0.0
0.706666666667 0.0
0.706666666667 0.0
0.706666666667 0.0
0.706666666667 0.0
0.708888888889 0.0
0.708888888889 0.0
0.711111111111 0.0
0.711111111111 0.0
0.711111111111 0.0
0.711111111111 0.0
0.711111111111 0.0
0.711111111111 0.0
0.711111111111 0.0
0.717777777778 0.0
0.717777777778 0.0
0.717777777778 0.0
0.717777777778 0.0
0.717777777778 0.0
0.717777777778 0.0
0.717777777778 0.0
0.722222222222 0.0
0.724444444444 0.0
0.726666666667 0.0
0.728888888889 0.0
0.728888888889 0.0
0.733333333333 0.0
0.733333333333 0.0
0.733333333333 0.0
0.733333333333 0.0
0.733333333333 0.0
0.735555555556 0.0
0.737777777778 0.0
0.742222222222 0.0
0.742222222222 0.0
0.742222222222 0.0
0.742222222222 0.0
0.746666666667 0.0
0.746666666667 0.0
0.746666666667 0.0
0.748888888889 0.0
0.748888888889 0.0
0.748888888889 0.0
0.748888888889 0.0
0.748888888889 0.0
0.748888888889 0.0
0.748888888889 0.0
0.751111111111 0.0
0.751111111111 0.0
0.751111111111 0.0
0.755555555556 0.0
0.757777777778 0.0
0.76 0.0
0.76 0.0
0.76 0.0
0.762222222222 0.0
0.762222222222 0.0
0.762222222222 0.0
0.764444444444 0.0
0.764444444444 0.0
0.764444444444 0.0
0.764444444444 0.0
0.764444444444 0.0
0.764444444444 0.0
0.764444444444 0.0
0.764444444444 0.0
0.766666666667 0.0
0.771111111111 0.0
0.771111111111 0.0
0.773333333333 0.0
0.773333333333 0.0
0.773333333333 0.0
0.775555555556 0.0
0.777777777778 0.0
0.777777777778 0.0
0.777777777778 0.0
0.777777777778 0.0
0.78 0.0
0.784444444444 0.0
0.786666666667 0.0
0.786666666667 0.0
0.788888888889 0.0
0.788888888889 0.0
0.788888888889 0.0
0.791111111111 0.0
0.793333333333 0.0
0.793333333333 0.0
0.795555555556 0.0
0.795555555556 0.0
0.795555555556 0.0
0.795555555556 0.0
0.795555555556 0.0
0.795555555556 0.0
0.797777777778 0.0
0.797777777778 0.0
0.8 0.0
0.8 0.0
0.8 0.0
0.802222222222 0.0
0.802222222222 0.0
0.806666666667 0.0
0.808888888889 0.0
0.808888888889 0.0
0.811111111111 0.0
0.811111111111 0.0
0.811111111111 0.0
0.811111111111 0.0
0.811111111111 0.0
0.811111111111 0.0
0.813333333333 0.0
0.813333333333 0.0
0.815555555556 0.0
0.815555555556 0.0
0.815555555556 0.0
0.815555555556 0.0
0.815555555556 0.0
0.815555555556 0.0
0.815555555556 0.0
0.815555555556 0.0
0.815555555556 0.0
0.817777777778 0.0
0.82 0.0
0.824444444444 0.0
0.824444444444 0.0
0.824444444444 0.0
0.824444444444 0.0
0.824444444444 0.0
0.824444444444 0.0
0.824444444444 0.0
0.824444444444 0.0
0.824444444444 0.0
0.824444444444 0.0
0.824444444444 0.0
0.824444444444 0.0
0.824444444444 0.0
0.824444444444 0.0
0.824444444444 0.0
0.824444444444 0.0
0.824444444444 0.0
0.824444444444 0.0
0.824444444444 0.0
0.824444444444 0.0
0.824444444444 0.0
0.824444444444 0.0
0.826666666667 0.0
0.826666666667 0.0
0.826666666667 0.0
0.826666666667 0.0
0.826666666667 0.0
0.826666666667 0.0
0.826666666667 0.0
0.826666666667 0.0
0.826666666667 0.0
0.826666666667 0.0
0.826666666667 0.0
0.828888888889 0.0
0.831111111111 0.0
0.831111111111 0.0
0.831111111111 0.0
0.833333333333 0.0
0.833333333333 0.0
0.833333333333 0.0
0.833333333333 0.0
0.833333333333 0.0
0.833333333333 0.0
0.833333333333 0.0
0.835555555556 0.0
0.835555555556 0.0
0.837777777778 0.0
0.837777777778 0.0
0.837777777778 0.0
0.837777777778 0.0
0.837777777778 0.0
0.837777777778 0.0
0.837777777778 0.0
0.837777777778 0.0
0.837777777778 0.0
0.837777777778 0.0
0.837777777778 0.0
0.837777777778 0.0
0.837777777778 0.0
0.837777777778 0.0
0.837777777778 0.0
0.837777777778 0.0
0.84 0.0
0.84 0.0
0.84 0.0
0.84 0.0
0.84 0.0
0.84 0.0
0.842222222222 0.0
0.842222222222 0.0
0.842222222222 0.0
0.844444444444 0.0
0.844444444444 0.0
0.844444444444 0.0
0.844444444444 0.0
0.844444444444 0.0
0.844444444444 0.0
0.844444444444 0.0
0.844444444444 0.0
0.844444444444 0.0
0.844444444444 0.0
0.844444444444 0.0
0.846666666667 0.0
0.846666666667 0.0
0.851111111111 0.0
0.851111111111 0.0
0.851111111111 0.0
0.851111111111 0.0
0.851111111111 0.0
0.851111111111 0.0
0.851111111111 0.0
0.851111111111 0.0
0.851111111111 0.0
0.851111111111 0.0
0.851111111111 0.0
0.851111111111 0.0
0.851111111111 0.0
0.851111111111 0.0
0.851111111111 0.0
0.851111111111 0.0
0.853333333333 0.0
0.853333333333 0.0
0.853333333333 0.0
0.853333333333 0.0
0.853333333333 0.0
0.853333333333 0.0
0.853333333333 0.0
0.853333333333 0.0
0.853333333333 0.0
0.853333333333 0.0
0.853333333333 0.0
0.857777777778 0.0
0.857777777778 0.0
0.86 0.0
0.86 0.0
0.86 0.0
0.86 0.0
0.86 0.0
0.86 0.0
0.86 0.0
0.86 0.0
0.86 0.0
0.86 0.0
0.862222222222 0.0
0.862222222222 0.0
0.862222222222 0.0
0.862222222222 0.0
0.862222222222 0.0
0.862222222222 0.0
0.864444444444 0.0
0.864444444444 0.0
0.864444444444 0.0
0.866666666667 0.0
0.866666666667 0.0
0.866666666667 0.0
0.866666666667 0.0
0.866666666667 0.0
0.866666666667 0.0
0.866666666667 0.0
0.866666666667 0.0
0.866666666667 0.0
0.866666666667 0.0
0.866666666667 0.0
0.866666666667 0.0
0.866666666667 0.0
0.868888888889 0.0
0.871111111111 0.0
0.871111111111 0.0
0.873333333333 0.0
0.873333333333 0.0
0.873333333333 0.0
0.875555555556 0.0
0.875555555556 0.0
0.877777777778 0.0
0.877777777778 0.0
0.877777777778 0.0
0.877777777778 0.0
0.877777777778 0.0
0.88 0.0
0.88 0.0
0.88 0.0
0.882222222222 0.0
0.882222222222 0.0
0.882222222222 0.0
0.882222222222 0.0
0.882222222222 0.0
0.882222222222 0.0
0.882222222222 0.0
0.884444444444 0.0
0.884444444444 0.0
0.884444444444 0.0
0.884444444444 0.0
0.884444444444 0.0
0.886666666667 0.0
0.886666666667 0.0
0.888888888889 0.0
0.891111111111 0.0
0.891111111111 0.0
0.893333333333 0.0
0.893333333333 0.0
0.893333333333 0.0
0.893333333333 0.0
0.893333333333 0.0
0.893333333333 0.0
0.893333333333 0.0
0.895555555556 0.0
0.895555555556 0.0
0.895555555556 0.0
0.897777777778 0.0
0.9 0.0
0.9 0.0
0.9 0.0
0.9 0.0
0.902222222222 0.0
0.902222222222 0.0
0.902222222222 0.0
0.904444444444 0.0
0.904444444444 0.0
0.904444444444 0.0
0.904444444444 0.0
0.908888888889 0.0
0.908888888889 0.0
0.908888888889 0.0
0.908888888889 0.0
0.908888888889 0.0
0.908888888889 0.0
0.911111111111 0.0
0.911111111111 0.0
0.911111111111 0.0
0.913333333333 0.0
0.913333333333 0.0
0.913333333333 0.0
0.913333333333 0.0
0.915555555556 0.0
0.915555555556 0.0
0.915555555556 0.0
0.915555555556 0.0
0.915555555556 0.0
0.915555555556 0.0
0.917777777778 0.0
0.917777777778 0.0
0.917777777778 0.0
0.92 0.0
0.92 0.0
0.92 0.0
0.92 0.0
0.92 0.0
0.922222222222 0.0
0.922222222222 0.0
0.922222222222 0.0
0.922222222222 0.0
0.922222222222 0.0
0.922222222222 0.0
0.922222222222 0.0
0.924444444444 0.0
0.924444444444 0.0
0.924444444444 0.0
0.926666666667 0.0
0.926666666667 0.0
0.928888888889 0.0
0.928888888889 0.0
0.928888888889 0.0
0.931111111111 0.0
0.933333333333 0.0
0.933333333333 0.0
0.933333333333 0.0
0.933333333333 0.0
0.937777777778 0.0
0.937777777778 0.0
0.937777777778 0.0
0.937777777778 0.0
0.937777777778 0.0
0.94 0.0
0.94 0.0
0.94 0.0
0.94 0.0
0.94 0.0
0.942222222222 0.0
0.942222222222 0.0
0.944444444444 0.0
0.944444444444 0.0
0.944444444444 0.0
0.944444444444 0.0
0.944444444444 0.0
0.944444444444 0.0
0.946666666667 0.0
0.948888888889 0.0
0.948888888889 0.0
0.948888888889 0.0
0.948888888889 0.0
0.951111111111 0.0
0.951111111111 0.0
0.951111111111 0.0
0.953333333333 0.0
0.953333333333 0.0
0.953333333333 0.0
0.953333333333 0.0
0.953333333333 0.0
0.953333333333 0.0
0.953333333333 0.0
0.953333333333 0.0
0.953333333333 0.0
0.955555555556 0.0
0.955555555556 0.0
0.957777777778 0.0
0.957777777778 0.0
0.957777777778 0.0
0.957777777778 0.0
0.957777777778 0.0
0.96 0.0
0.96 0.0
0.96 0.0
0.96 0.0
0.966666666667 0.0
0.966666666667 0.0
0.968888888889 0.0
0.968888888889 0.0
0.968888888889 0.0
0.968888888889 0.0
0.968888888889 0.0
0.968888888889 0.0
0.971111111111 0.0
0.973333333333 0.0
0.973333333333 0.0
0.973333333333 0.0
0.975555555556 0.0
0.977777777778 0.0
0.977777777778 0.0
0.977777777778 0.0
